# Migration is number of nodes that have changed color.

Round		Edge-Cut		Swaps		Migrations		Skipped
0		8945		4720		3014
1		8364		9440		3047
2		7950		14160		3167
3		7584		18880		3142
4		7295		23600		3194
5		7053		28320		3159
6		6952		33040		3198
7		6836		37760		3160
8		6506		42480		3205
9		6425		47200		3161
10		6322		51920		3215
11		6145		56640		3193
12		6040		61360		3198
13		5964		66080		3223
14		5895		70800		3209
15		5815		75520		3227
16		5747		80239		3206
17		5655		84959		3236
18		5599		89678		3235
19		5586		94396		3201
20		5457		99115		3245
21		5348		103834		3224
22		5362		108551		3249
23		5290		113270		3249
24		5280		117990		3266
25		5203		122706		3272
26		5111		127420		3244
27		4998		132138		3251
28		4919		136853		3266
29		4868		141565		3261
30		4740		146274		3261
31		4713		150991		3267
32		4532		151733		3258
33		4390		152351		3233
34		4250		152930		3245
35		4183		153560		3258
36		4100		154136		3268
37		4016		154649		3287
38		3909		155126		3285
39		3828		155554		3290
40		3773		155977		3279
41		3674		156377		3277
42		3622		156739		3260
43		3565		157088		3262
44		3529		157441		3282
45		3451		157762		3273
46		3407		158056		3271
47		3359		158364		3288
48		3309		158646		3303
49		3288		158901		3297
50		3263		159116		3285
51		3222		159358		3290
52		3210		159600		3294
53		3175		159825		3288
54		3135		160050		3284
55		3092		160261		3292
56		3070		160499		3292
57		3051		160703		3300
58		3016		160885		3312
59		2981		161042		3301
60		2971		161179		3301
61		2991		161363		3301
62		2970		161546		3303
63		2939		161721		3299
64		2922		161856		3299
65		2907		162018		3295
66		2882		162189		3312
67		2878		162347		3320
68		2843		162468		3319
69		2827		162587		3310
70		2795		162718		3298
71		2781		162821		3304
72		2779		162950		3300
73		2749		163082		3302
74		2735		163192		3299
75		2736		163294		3296
76		2731		163394		3293
77		2717		163481		3298
78		2715		163557		3299
79		2722		163642		3294
80		2697		163728		3299
81		2683		163805		3295
82		2675		163883		3301
83		2656		163946		3306
84		2644		164009		3309
85		2656		164078		3314
86		2654		164155		3312
87		2651		164240		3309
88		2632		164302		3307
89		2627		164360		3305
90		2626		164395		3300
91		2615		164460		3311
92		2612		164508		3313
93		2607		164550		3312
94		2612		164592		3310
95		2614		164658		3312
96		2603		164700		3313
97		2600		164753		3312
98		2607		164796		3313
99		2591		164840		3314
100		2587		164894		3311
101		2716		169614		3311
102		2756		174334		3309
103		2817		179054		3325
104		2845		183774		3335
105		2875		188494		3333
106		2907		193214		3328
107		2924		197934		3317
108		2917		202654		3312
109		2868		207374		3300
110		2882		212093		3322
111		2920		216813		3301
112		2982		221533		3312
113		2944		226253		3312
114		2915		230973		3317
115		2934		235693		3297
116		2924		240413		3313
117		2949		245133		3312
118		2938		249853		3316
119		2945		254573		3313
120		2973		259292		3324
121		2972		264011		3304
122		2969		268731		3309
123		2921		273451		3295
124		2953		278171		3295
125		2914		282890		3303
126		2936		287608		3312
127		2910		292323		3317
128		2896		297040		3309
129		2869		301755		3314
130		2864		306475		3326
131		2825		311194		3335
132		2795		311483		3318
133		2749		311710		3317
134		2712		311964		3311
135		2677		312147		3322
136		2665		312340		3328
137		2638		312500		3330
138		2619		312630		3326
139		2609		312768		3321
140		2592		312888		3325
141		2567		313018		3330
142		2559		313162		3330
143		2533		313249		3326
144		2500		313347		3326
145		2498		313461		3332
146		2472		313555		3330
147		2465		313643		3328
148		2462		313724		3331
149		2452		313813		3332
150		2460		313901		3329
151		2447		313984		3343
152		2441		314049		3343
153		2435		314119		3339
154		2435		314200		3345
155		2419		314285		3346
156		2419		314373		3343
157		2414		314439		3342
158		2408		314515		3335
159		2411		314590		3340
160		2402		314683		3343
161		2402		314764		3337
162		2398		314850		3336
163		2386		314916		3339
164		2384		314990		3330
165		2373		315080		3329
166		2362		315151		3337
167		2342		315212		3338
168		2343		315281		3339
169		2344		315357		3340
170		2340		315425		3338
171		2335		315503		3344
172		2318		315585		3335
173		2310		315655		3332
174		2314		315728		3332
175		2305		315793		3328
176		2299		315863		3333
177		2278		315925		3327
178		2269		315975		3331
179		2266		316057		3338
180		2256		316120		3333
181		2265		316170		3336
182		2258		316226		3335
183		2253		316290		3330
184		2230		316338		3335
185		2229		316369		3337
186		2226		316407		3338
187		2217		316441		3335
188		2213		316478		3341
189		2213		316513		3335
190		2219		316533		3335
191		2213		316555		3338
192		2218		316589		3342
193		2207		316624		3343
194		2208		316645		3340
195		2208		316664		3336
196		2202		316682		3340
197		2193		316707		3338
198		2188		316731		3343
199		2192		316750		3341
200		2187		316779		3345
201		2302		321499		3332
202		2347		326219		3341
203		2355		330939		3349
204		2371		335659		3340
205		2413		340379		3337
206		2415		345099		3356
207		2386		349819		3344
208		2410		354539		3340
209		2447		359259		3337
210		2428		363979		3356
211		2434		368699		3346
212		2430		373419		3360
213		2526		378138		3354
214		2486		382858		3348
215		2491		387578		3349
216		2527		392298		3358
217		2511		397017		3352
218		2477		401737		3343
219		2440		406455		3348
220		2474		411175		3363
221		2475		415895		3359
222		2479		420612		3363
223		2482		425329		3351
224		2455		430049		3351
225		2417		434767		3360
226		2425		439484		3354
227		2430		444202		3339
228		2387		448918		3347
229		2383		453634		3335
230		2366		458353		3340
231		2337		463069		3360
232		2333		463293		3350
233		2320		463483		3344
234		2291		463630		3360
235		2278		463779		3362
236		2262		463917		3368
237		2242		464050		3364
238		2244		464166		3370
239		2239		464298		3358
240		2227		464427		3359
241		2208		464549		3367
242		2206		464679		3368
243		2183		464795		3363
244		2176		464902		3365
245		2164		465014		3363
246		2168		465110		3369
247		2155		465200		3371
248		2138		465291		3367
249		2133		465397		3374
250		2126		465469		3373
251		2108		465553		3369
252		2093		465648		3371
253		2088		465727		3370
254		2078		465809		3363
255		2081		465887		3362
256		2066		465958		3360
257		2056		466017		3361
258		2047		466081		3351
259		2040		466132		3352
260		2027		466164		3352
261		2023		466196		3351
262		2019		466224		3350
263		2010		466261		3350
264		2005		466293		3350
265		1998		466325		3349
266		1994		466342		3350
267		1997		466357		3352
268		1995		466373		3350
269		1993		466393		3349
270		1993		466416		3350
271		1992		466457		3348
272		1982		466479		3348
273		1981		466499		3352
274		1987		466527		3350
275		1981		466548		3355
276		1973		466565		3358
277		1968		466579		3356
278		1968		466603		3357
279		1966		466620		3358
280		1961		466633		3357
281		1962		466650		3351
282		1964		466668		3351
283		1961		466674		3354
284		1965		466692		3356
285		1953		466708		3356
286		1956		466719		3359
287		1955		466734		3359
288		1959		466752		3360
289		1957		466774		3359
290		1947		466796		3361
291		1944		466807		3362
292		1947		466823		3358
293		1945		466834		3363
294		1947		466852		3364
295		1941		466867		3363
296		1945		466883		3361
297		1943		466897		3362
298		1945		466908		3360
299		1946		466919		3362
300		1946		466926		3362
301		2017		471646		3361
302		2056		476366		3361
303		2071		481086		3363
304		2108		485806		3369
305		2135		490526		3372
306		2123		495246		3370
307		2182		499966		3376
308		2172		504686		3369
309		2174		509406		3365
310		2220		514126		3367
311		2217		518846		3369
312		2184		523566		3381
313		2215		528286		3368
314		2230		533004		3379
315		2217		537724		3378
316		2240		542444		3367
317		2216		547160		3371
318		2233		551879		3364
319		2211		556598		3357
320		2227		561317		3375
321		2238		566036		3370
322		2233		570755		3385
323		2206		575475		3365
324		2186		580195		3365
325		2210		584915		3361
326		2178		589633		3364
327		2141		594352		3360
328		2130		599068		3362
329		2133		603785		3375
330		2115		608503		3374
331		2104		613221		3364
332		2066		613408		3373
333		2068		613529		3379
334		2047		613656		3375
335		2031		613782		3381
336		2024		613929		3364
337		2005		614014		3377
338		2014		614123		3384
339		2008		614245		3395
340		2005		614343		3391
341		1995		614457		3386
342		1989		614567		3393
343		1968		614681		3392
344		1956		614771		3391
345		1940		614885		3381
346		1913		614969		3379
347		1907		615032		3377
348		1894		615091		3381
349		1892		615160		3383
350		1886		615210		3386
351		1878		615255		3381
352		1871		615297		3381
353		1871		615336		3389
354		1871		615400		3374
355		1866		615463		3384
356		1853		615520		3375
357		1849		615563		3386
358		1850		615606		3387
359		1847		615655		3384
360		1850		615709		3381
361		1851		615745		3382
362		1843		615797		3381
363		1841		615840		3392
364		1833		615886		3385
365		1827		615929		3387
366		1819		615981		3389
367		1820		616013		3388
368		1823		616046		3387
369		1817		616073		3389
370		1810		616102		3393
371		1799		616128		3389
372		1798		616152		3385
373		1801		616179		3381
374		1794		616208		3380
375		1794		616232		3386
376		1794		616258		3386
377		1788		616275		3386
378		1789		616289		3383
379		1788		616298		3384
380		1787		616308		3385
381		1786		616318		3387
382		1781		616331		3387
383		1778		616339		3385
384		1783		616351		3381
385		1775		616360		3381
386		1776		616366		3384
387		1774		616371		3383
388		1774		616377		3383
389		1773		616382		3384
390		1775		616386		3384
391		1771		616393		3387
392		1774		616395		3386
393		1773		616397		3386
394		1772		616403		3385
395		1768		616407		3385
396		1767		616413		3383
397		1766		616419		3382
398		1763		616422		3382
399		1762		616426		3384
400		1761		616427		3383
401		1828		621147		3382
402		1869		625867		3386
403		1919		630587		3383
404		1947		635307		3389
405		1917		640027		3378
406		1936		644747		3388
407		1945		649467		3378
408		1964		654187		3385
409		1977		658907		3387
410		1949		663627		3394
411		1951		668347		3378
412		1945		673067		3373
413		1951		677787		3371
414		1937		682507		3386
415		1952		687227		3389
416		1933		691947		3380
417		1963		696667		3370
418		1964		701385		3374
419		1960		706105		3390
420		1964		710824		3387
421		1942		715543		3388
422		1971		720262		3381
423		1959		724981		3388
424		1951		729701		3393
425		1945		734419		3374
426		1933		739139		3381
427		1935		743857		3378
428		1890		748577		3372
429		1892		753296		3386
430		1901		758012		3384
431		1896		762729		3386
432		1860		762846		3396
433		1866		762950		3396
434		1870		763065		3397
435		1843		763185		3400
436		1831		763275		3396
437		1813		763354		3399
438		1809		763429		3398
439		1802		763491		3392
440		1799		763555		3394
441		1788		763601		3396
442		1783		763658		3397
443		1779		763702		3403
444		1774		763750		3399
445		1771		763790		3399
446		1768		763820		3406
447		1761		763853		3399
448		1762		763889		3404
449		1752		763916		3406
450		1748		763937		3398
451		1742		763957		3398
452		1741		763981		3401
453		1741		763996		3399
454		1733		764024		3402
455		1732		764038		3401
456		1727		764060		3408
457		1728		764093		3403
458		1726		764113		3398
459		1721		764136		3400
460		1722		764150		3398
461		1719		764170		3401
462		1719		764193		3398
463		1714		764210		3401
464		1703		764224		3402
465		1706		764232		3403
466		1706		764243		3403
467		1706		764260		3398
468		1702		764270		3401
469		1699		764275		3402
470		1698		764279		3403
471		1699		764288		3403
472		1700		764298		3398
473		1699		764308		3399
474		1702		764316		3402
475		1703		764326		3399
476		1704		764333		3396
477		1704		764351		3399
478		1701		764362		3399
479		1700		764377		3401
480		1696		764389		3398
481		1697		764400		3398
482		1693		764419		3401
483		1693		764433		3401
484		1690		764443		3401
485		1691		764451		3400
486		1692		764458		3399
487		1690		764469		3400
488		1688		764475		3401
489		1688		764481		3402
490		1688		764483		3399
491		1689		764489		3402
492		1687		764503		3402
493		1689		764509		3400
494		1687		764517		3403
495		1689		764523		3401
496		1688		764531		3403
497		1688		764535		3404
498		1688		764538		3403
499		1690		764545		3404
