# Migration is number of nodes that have changed color.

Round		Edge-Cut		Swaps		Migrations		Skipped
0		8945		4720		3014
1		8364		9440		3047
2		7950		14160		3167
3		7584		18880		3142
4		7295		23600		3194
5		7047		28320		3162
6		6964		33040		3193
7		6834		37760		3161
8		6585		42480		3220
9		6447		47200		3180
10		6335		51920		3216
11		6233		56640		3230
12		6155		61360		3253
13		6061		66080		3253
14		5960		70800		3289
15		5921		75520		3261
16		5779		80240		3226
17		5741		84960		3243
18		5715		89680		3263
19		5663		94400		3253
20		5527		99120		3269
21		5507		103840		3254
22		5432		108560		3266
23		5359		113280		3243
24		5313		118000		3288
25		5277		122720		3250
26		5214		127440		3266
27		5168		132160		3218
28		5107		136880		3230
29		5157		141600		3246
30		5086		146320		3257
31		5039		151040		3268
32		5079		155759		3264
33		5071		160479		3256
34		5034		165199		3246
35		4997		169919		3249
36		4930		174639		3244
37		4871		179359		3260
38		4838		184078		3259
39		4768		188798		3269
40		4705		193518		3276
41		4675		198238		3280
42		4630		202958		3252
43		4671		207678		3273
44		4561		212398		3248
45		4502		217118		3272
46		4538		221838		3278
47		4526		226558		3267
48		4474		231278		3290
49		4458		235997		3261
50		4411		240716		3269
51		4422		245435		3288
52		4389		250153		3300
53		4339		254870		3279
54		4377		259590		3295
55		4360		264310		3273
56		4359		269030		3273
57		4332		273750		3285
58		4366		278468		3285
59		4314		283188		3286
60		4320		287908		3260
61		4276		292628		3289
62		4277		297347		3274
63		4314		302067		3262
64		4259		306786		3303
65		4309		311505		3304
66		4333		316224		3312
67		4301		320943		3318
68		4248		325662		3306
69		4270		330382		3313
70		4251		335100		3306
71		4221		339819		3307
72		4234		344538		3306
73		4257		349256		3324
74		4189		353975		3305
75		4195		358692		3325
76		4122		363409		3322
77		4129		368126		3307
78		4179		372846		3311
79		4146		377559		3310
80		4045		382276		3317
81		4053		386994		3310
82		4044		391714		3325
83		4030		396430		3319
84		4016		401143		3308
85		3977		405859		3305
86		3971		410574		3293
87		3968		415292		3306
88		3957		420009		3325
89		3887		424728		3302
90		3884		429443		3299
91		3862		434161		3315
92		3862		438880		3317
93		3813		443595		3309
94		3801		448311		3296
95		3800		453026		3311
96		3774		457741		3301
97		3790		462455		3311
98		3751		467169		3319
99		3776		471878		3316
100		3780		476590		3302
101		3981		481310		3315
102		3983		486030		3308
103		4015		490750		3322
104		4024		495470		3311
105		4011		500190		3316
106		4079		504910		3294
107		4056		509630		3299
108		4042		514350		3307
109		4029		519070		3311
110		4142		523790		3313
111		4091		528510		3305
112		4090		533230		3313
113		4045		537950		3311
114		4052		542670		3321
115		4080		547390		3299
116		4126		552110		3310
117		4102		556830		3301
118		4113		561550		3300
119		4057		566270		3331
120		4016		570990		3333
121		4084		575710		3344
122		4051		580430		3347
123		4052		585150		3341
124		4069		589870		3339
125		4063		594590		3324
126		4057		599310		3333
127		4006		604030		3330
128		4019		608750		3322
129		3997		613470		3330
130		3983		618190		3309
131		3981		622909		3344
132		3987		627629		3344
133		3981		632349		3331
134		3991		637069		3335
135		4017		641789		3347
136		3979		646508		3348
137		3970		651228		3331
138		3956		655948		3323
139		3941		660668		3330
140		3945		665388		3325
141		3931		670108		3357
142		3891		674828		3354
143		3919		679547		3337
144		3876		684267		3337
145		3877		688987		3335
146		3923		693707		3353
147		3961		698427		3349
148		3894		703147		3362
149		3864		707866		3340
150		3851		712586		3328
151		3853		717305		3315
152		3826		722024		3326
153		3847		726743		3321
154		3856		731462		3332
155		3867		736181		3332
156		3838		740899		3345
157		3854		745619		3346
158		3827		750337		3367
159		3816		755054		3368
160		3814		759773		3344
161		3779		764492		3356
162		3815		769211		3354
163		3796		773930		3351
164		3810		778650		3362
165		3819		783369		3372
166		3800		788088		3381
167		3814		792808		3387
168		3820		797528		3361
169		3864		802247		3377
170		3781		806967		3361
171		3790		811686		3379
172		3758		816406		3365
173		3728		821125		3382
174		3689		825844		3366
175		3697		830561		3373
176		3719		835279		3372
177		3666		839998		3396
178		3664		844716		3365
179		3641		849432		3362
180		3609		854150		3347
181		3586		858869		3374
182		3588		863587		3376
183		3610		868305		3365
184		3561		873023		3344
185		3589		877741		3361
186		3581		882459		3369
187		3578		887174		3362
188		3548		891890		3378
189		3539		896606		3341
190		3521		901325		3356
191		3496		906039		3361
192		3499		910753		3362
193		3482		915468		3372
194		3455		920185		3381
195		3424		924900		3367
196		3415		929613		3382
197		3430		934327		3369
198		3411		939042		3370
199		3412		943759		3368
200		3400		948472		3386
201		3523		953191		3371
202		3587		957911		3365
203		3587		962631		3371
204		3673		967351		3388
205		3692		972071		3380
206		3641		976791		3369
207		3667		981511		3355
208		3656		986231		3358
209		3700		990951		3351
210		3743		995671		3362
211		3724		1000391		3358
212		3681		1005111		3370
213		3711		1009831		3346
214		3708		1014551		3349
215		3719		1019271		3364
216		3670		1023991		3340
217		3679		1028711		3325
218		3674		1033431		3349
219		3668		1038151		3342
220		3691		1042871		3365
221		3697		1047591		3384
222		3718		1052311		3366
223		3755		1057031		3366
224		3703		1061751		3348
225		3683		1066471		3377
226		3618		1071191		3352
227		3635		1075911		3351
228		3654		1080631		3369
229		3615		1085351		3358
230		3595		1090071		3363
231		3599		1094790		3379
232		3578		1099509		3351
233		3539		1104228		3362
234		3552		1108948		3361
235		3539		1113668		3361
236		3549		1118387		3374
237		3566		1123107		3381
238		3564		1127827		3394
239		3565		1132547		3389
240		3543		1137267		3397
241		3593		1141987		3382
242		3543		1146706		3400
243		3554		1151425		3405
244		3583		1156144		3381
245		3538		1160863		3405
246		3572		1165581		3397
247		3571		1170301		3399
248		3550		1175021		3389
249		3563		1179741		3372
250		3515		1184459		3376
251		3552		1189178		3387
252		3510		1193898		3384
253		3563		1198618		3391
254		3519		1203336		3401
255		3510		1208054		3375
256		3510		1212773		3373
257		3507		1217492		3391
258		3451		1222211		3389
259		3495		1226931		3400
260		3467		1231651		3388
261		3471		1236371		3375
262		3541		1241090		3383
263		3516		1245810		3384
264		3518		1250529		3385
265		3469		1255248		3401
266		3480		1259967		3412
267		3465		1264686		3411
268		3476		1269405		3401
269		3488		1274125		3399
270		3468		1278841		3393
271		3443		1283558		3401
272		3409		1288276		3412
273		3411		1292994		3399
274		3439		1297708		3402
275		3424		1302425		3408
276		3403		1307142		3406
277		3386		1311859		3410
278		3412		1316573		3410
279		3403		1321289		3410
280		3362		1326008		3413
281		3402		1330727		3411
282		3359		1335446		3402
283		3338		1340163		3400
284		3369		1344879		3421
285		3306		1349594		3393
286		3294		1354313		3396
287		3336		1359030		3391
288		3331		1363746		3399
289		3299		1368458		3394
290		3303		1373174		3404
291		3280		1377889		3405
292		3279		1382604		3396
293		3250		1387319		3394
294		3240		1392034		3388
295		3225		1396752		3378
296		3231		1401472		3389
297		3213		1406184		3400
298		3210		1410898		3406
299		3229		1415610		3412
300		3204		1420323		3405
301		3358		1425043		3387
302		3405		1429763		3380
303		3408		1434483		3381
304		3397		1439203		3385
305		3418		1443923		3374
306		3441		1448643		3389
307		3473		1453363		3377
308		3477		1458083		3400
309		3451		1462803		3380
310		3497		1467523		3397
311		3496		1472243		3389
312		3465		1476963		3375
313		3488		1481682		3372
314		3485		1486402		3374
315		3498		1491122		3388
316		3460		1495842		3383
317		3458		1500562		3383
318		3478		1505282		3389
319		3410		1510002		3384
320		3442		1514722		3393
321		3455		1519442		3380
322		3485		1524162		3370
323		3433		1528882		3399
324		3430		1533602		3391
325		3440		1538322		3401
326		3433		1543042		3400
327		3419		1547762		3384
328		3422		1552482		3388
329		3509		1557201		3372
330		3451		1561921		3398
331		3480		1566641		3392
332		3432		1571361		3402
333		3446		1576081		3404
334		3401		1580801		3382
335		3454		1585521		3395
336		3425		1590241		3404
337		3413		1594961		3374
338		3466		1599681		3405
339		3454		1604401		3398
340		3395		1609121		3391
341		3410		1613841		3382
342		3393		1618559		3385
343		3350		1623279		3401
344		3441		1627999		3388
345		3392		1632719		3404
346		3371		1637439		3419
347		3431		1642158		3423
348		3396		1646877		3426
349		3407		1651597		3403
350		3390		1656315		3407
351		3429		1661034		3396
352		3357		1665754		3396
353		3377		1670474		3399
354		3337		1675193		3404
355		3386		1679911		3417
356		3359		1684631		3421
357		3387		1689349		3411
358		3391		1694069		3404
359		3357		1698788		3414
360		3385		1703505		3376
361		3379		1708225		3383
362		3376		1712943		3397
363		3349		1717663		3420
364		3365		1722382		3404
365		3332		1727100		3409
366		3345		1731820		3409
367		3363		1736539		3409
368		3321		1741259		3404
369		3315		1745979		3409
370		3383		1750698		3392
371		3352		1755416		3414
372		3319		1760134		3407
373		3334		1764852		3414
374		3315		1769571		3393
375		3337		1774291		3404
376		3337		1779006		3412
377		3294		1783723		3400
378		3318		1788440		3407
379		3342		1793156		3421
380		3336		1797874		3388
381		3343		1802593		3390
382		3285		1807312		3393
383		3229		1812030		3405
384		3219		1816744		3379
385		3263		1821464		3378
386		3249		1826181		3400
387		3213		1830897		3416
388		3200		1835615		3391
389		3189		1840333		3374
390		3166		1845047		3380
391		3142		1849764		3368
392		3134		1854476		3382
393		3138		1859192		3389
394		3146		1863907		3394
395		3125		1868624		3398
396		3103		1873336		3389
397		3112		1878050		3379
398		3110		1882767		3389
399		3107		1887486		3391
400		3078		1892203		3384
401		3233		1896923		3379
402		3193		1901643		3397
403		3208		1906363		3399
404		3267		1911083		3396
405		3262		1915803		3399
406		3285		1920523		3393
407		3296		1925243		3399
408		3255		1929963		3395
409		3269		1934683		3401
410		3265		1939403		3411
411		3316		1944123		3391
412		3303		1948843		3397
413		3324		1953563		3412
414		3311		1958283		3408
415		3375		1963003		3405
416		3363		1967723		3404
417		3344		1972443		3410
418		3398		1977163		3415
419		3388		1981883		3415
420		3336		1986603		3420
421		3339		1991323		3408
422		3333		1996043		3409
423		3317		2000763		3398
424		3332		2005483		3410
425		3310		2010202		3405
426		3347		2014922		3421
427		3310		2019642		3396
428		3348		2024362		3399
429		3351		2029082		3420
430		3323		2033802		3393
431		3274		2038522		3424
432		3292		2043242		3418
433		3300		2047962		3430
434		3260		2052682		3419
435		3286		2057402		3432
436		3276		2062122		3409
437		3306		2066842		3406
438		3338		2071562		3420
439		3300		2076281		3420
440		3301		2081001		3408
441		3317		2085721		3407
442		3318		2090441		3415
443		3310		2095161		3415
444		3311		2099880		3411
445		3306		2104600		3421
446		3329		2109318		3426
447		3319		2114038		3409
448		3334		2118758		3404
449		3288		2123478		3391
450		3278		2128197		3381
451		3302		2132917		3414
452		3269		2137637		3408
453		3251		2142356		3404
454		3240		2147075		3427
455		3194		2151794		3450
456		3204		2156512		3417
457		3229		2161232		3431
458		3227		2165952		3417
459		3223		2170672		3413
460		3184		2175389		3393
461		3145		2180108		3427
462		3178		2184828		3416
463		3157		2189548		3407
464		3165		2194268		3406
465		3162		2198987		3418
466		3192		2203704		3420
467		3203		2208423		3398
468		3157		2213142		3410
469		3150		2217861		3409
470		3129		2222580		3413
471		3123		2227299		3409
472		3098		2232017		3444
473		3121		2236736		3420
474		3098		2241456		3422
475		3089		2246175		3433
476		3082		2250895		3434
477		3087		2255615		3420
478		3044		2260333		3423
479		3052		2265049		3416
480		3093		2269768		3419
481		3098		2274487		3420
482		3103		2279202		3425
483		3116		2283921		3412
484		3066		2288638		3415
485		3073		2293357		3416
486		3047		2298074		3415
487		3061		2302792		3426
488		3044		2307509		3417
489		3007		2312221		3403
490		3005		2316939		3397
491		2975		2321656		3415
492		2978		2326370		3435
493		2986		2331088		3416
494		2951		2335806		3421
495		2965		2340522		3422
496		2958		2345239		3433
497		2942		2349956		3436
498		2941		2354672		3424
499		2935		2359389		3413
