# Migration is number of nodes that have changed color.

Round		Edge-Cut		Swaps		Migrations		Skipped
0		501607		63524		37893
1		411861		126962		42016
2		350033		190415		43773
3		308400		253844		44686
4		282176		317240		45215
5		264421		380668		45542
6		253011		444044		45852
7		243787		507449		46033
8		236815		570858		46157
9		231137		634240		46380
10		226520		697618		46459
11		223021		761009		46604
12		219612		824385		46666
13		216502		887774		46708
14		214230		951173		46790
15		211993		1014525		46792
16		209526		1077905		46924
17		207021		1141245		46986
18		204620		1204636		47027
19		202507		1268041		46954
20		199724		1331396		47012
21		197674		1394755		46959
22		195927		1458129		47024
23		194282		1521457		46977
24		192888		1584816		47054
25		191434		1648154		47046
26		190212		1711508		47098
27		189144		1774853		47133
28		188252		1838207		47099
29		187287		1901537		47176
30		186502		1964855		47156
31		185730		2028164		47155
32		185051		2091486		47233
33		184211		2154808		47264
34		183536		2218129		47219
35		182890		2281447		47255
36		182189		2344714		47248
37		181565		2408019		47247
38		180451		2471320		47293
39		179172		2534611		47283
40		177959		2597896		47324
41		176924		2661202		47309
42		176255		2724502		47309
43		175708		2787771		47335
44		175056		2850959		47343
45		174562		2914192		47377
46		174058		2977471		47324
47		173654		3040746		47303
48		173359		3104008		47292
49		173024		3167292		47258
50		172723		3230515		47305
51		172362		3293752		47407
52		172062		3356991		47381
53		171776		3420253		47399
54		171548		3483470		47437
55		171200		3546712		47438
56		170979		3609904		47412
57		170843		3673114		47443
58		170607		3736316		47450
59		170448		3799509		47425
60		170189		3862731		47382
61		169844		3925931		47423
62		169392		3989106		47345
63		168490		4052298		47382
64		167236		4115514		47389
65		166751		4178709		47372
66		166211		4241894		47365
67		165585		4305076		47379
68		165116		4368255		47397
69		164819		4431428		47376
70		164272		4494622		47406
71		163690		4557797		47432
72		163085		4620961		47405
73		162639		4684101		47444
74		162114		4747298		47374
75		161773		4810491		47361
76		161394		4873650		47344
77		161107		4936803		47350
78		160882		4999944		47379
79		160634		5063113		47343
80		160387		5126293		47364
81		160167		5189458		47361
82		159960		5252593		47365
83		159730		5315699		47434
84		159542		5378797		47454
85		159344		5441978		47451
86		159143		5505089		47467
87		158960		5568199		47453
88		158824		5631297		47456
89		158666		5694432		47456
90		158577		5757574		47465
91		158430		5820643		47477
92		158237		5883755		47473
93		158075		5946832		47407
94		157931		6009941		47425
95		157723		6073071		47390
96		157517		6136182		47437
97		157367		6199293		47405
98		157153		6262387		47390
99		157026		6325481		47392
100		156930		6388562		47402
101		157381		6451766		47455
102		157446		6515029		47338
103		157605		6578243		47374
104		157581		6641481		47374
105		157556		6704758		47380
106		157546		6767977		47434
107		157360		6831212		47454
108		157304		6894390		47435
109		157260		6957574		47512
110		157110		7020851		47496
111		157013		7084061		47523
112		156807		7147280		47504
113		156648		7210540		47480
114		156564		7273784		47477
115		156429		7336983		47462
116		156372		7400221		47439
117		156286		7463451		47457
118		156105		7526683		47458
119		155974		7589901		47428
120		155900		7653118		47490
121		155865		7716322		47425
122		155804		7779506		47393
123		155649		7842676		47472
124		155557		7905888		47473
125		155541		7969112		47402
126		155473		8032336		47408
127		155371		8095481		47396
128		155263		8158702		47446
129		155200		8221916		47462
130		155122		8285093		47449
131		155070		8348272		47465
132		155031		8411454		47490
133		154879		8474624		47459
134		154811		8537800		47440
135		154722		8600985		47439
136		154656		8664162		47436
137		154563		8727358		47450
138		154527		8790521		47361
139		154558		8853693		47419
140		154454		8916793		47436
141		154328		8979979		47446
142		154252		9043149		47473
143		154201		9106288		47394
144		154066		9169507		47404
145		153903		9232691		47422
146		153854		9295816		47451
147		153670		9358984		47462
148		153500		9422161		47457
149		153366		9485252		47498
150		153224		9548430		47485
151		153174		9611551		47490
152		153082		9674665		47529
153		152982		9737805		47501
154		152868		9800951		47534
155		152806		9864089		47549
156		152774		9927191		47585
157		152717		9990283		47599
158		152647		10053390		47625
159		152534		10116536		47567
160		152446		10179682		47598
161		152375		10242795		47588
162		152342		10305896		47584
163		152247		10368985		47572
164		152129		10432127		47614
165		152116		10495256		47565
166		152059		10558370		47579
167		151914		10621471		47493
168		151799		10684571		47583
169		151690		10747675		47562
170		151630		10810782		47508
171		151542		10873876		47522
172		151457		10936946		47514
173		151430		11000032		47481
174		151386		11063127		47446
175		151378		11126232		47507
176		151200		11189316		47500
177		151136		11252443		47489
178		151076		11315534		47525
179		151007		11378637		47529
180		151012		11441733		47515
181		150938		11504816		47540
182		150865		11567896		47543
183		150832		11630966		47547
184		150761		11694053		47541
185		150756		11757110		47535
186		150665		11820189		47587
187		150659		11883251		47526
188		150510		11946275		47513
189		150423		12009374		47487
190		150436		12072407		47506
191		150334		12135456		47493
192		150229		12198548		47494
193		150228		12261618		47507
194		150148		12324641		47498
195		150064		12387689		47554
196		150039		12450732		47588
197		150009		12513791		47601
198		149910		12576830		47594
199		149851		12639838		47589
200		149846		12702861		47586
201		150265		12766084		47584
202		150447		12829240		47486
203		150717		12892409		47550
204		150822		12955611		47544
205		151031		13018813		47566
206		151191		13081998		47566
207		151177		13145225		47587
208		151122		13208415		47628
209		151042		13271636		47663
210		151004		13334861		47618
211		150706		13398049		47570
212		150188		13461227		47618
213		149740		13524448		47571
214		149331		13587688		47540
215		148895		13650869		47518
216		148582		13714089		47529
217		148337		13777229		47565
218		148145		13840433		47570
219		147918		13903632		47592
220		147723		13966817		47591
221		147592		14030001		47590
222		147543		14093195		47607
223		147464		14156395		47576
224		147405		14219591		47606
225		147318		14282771		47611
226		147205		14345989		47678
227		147043		14409166		47596
228		147003		14472347		47576
229		146952		14535514		47668
230		146850		14598696		47548
231		146690		14661870		47576
232		146609		14725074		47516
233		146578		14788215		47552
234		146466		14851335		47544
235		146395		14914468		47533
236		146370		14977635		47507
237		146338		15040777		47522
238		146330		15103908		47500
239		146229		15167073		47542
240		146124		15230249		47579
241		146117		15293392		47554
242		146166		15356541		47551
243		146090		15419712		47546
244		146074		15482869		47535
245		146125		15546034		47503
246		145959		15609156		47551
247		145962		15672320		47543
248		145950		15735455		47603
249		145892		15798577		47598
250		145818		15861710		47569
251		145874		15924843		47562
252		145733		15987962		47596
253		145777		16051115		47625
254		145727		16114225		47567
255		145615		16177333		47499
256		145548		16240441		47557
257		145502		16303535		47536
258		145399		16366647		47521
259		145355		16429806		47512
260		145283		16492892		47526
261		145251		16555990		47542
262		145192		16619074		47546
263		145155		16682122		47578
264		145138		16745198		47515
265		145091		16808283		47506
266		145137		16871367		47500
267		145080		16934437		47495
268		145068		16997505		47505
269		144985		17060639		47545
270		144926		17123704		47572
271		144962		17186789		47529
272		144877		17249853		47562
273		144866		17312906		47544
274		144870		17375943		47538
275		144813		17438988		47488
276		144775		17502040		47519
277		144782		17565115		47525
278		144696		17628214		47530
279		144716		17691270		47533
280		144690		17754322		47539
281		144676		17817392		47551
282		144608		17880428		47565
283		144619		17943479		47579
284		144560		18006466		47585
285		144554		18069479		47555
286		144479		18132552		47562
287		144427		18195584		47554
288		144387		18258612		47570
289		144350		18321688		47598
290		144385		18384738		47620
291		144305		18447778		47554
292		144304		18510816		47508
293		144261		18573814		47531
294		144227		18636871		47557
295		144147		18699908		47528
296		144155		18762907		47539
297		144149		18825919		47480
298		144130		18888918		47492
299		144067		18951938		47486
300		144080		19014978		47452
301		144624		19078134		47471
302		144901		19141295		47401
303		145070		19204467		47497
304		145140		19267655		47541
305		145251		19330783		47521
306		145379		19393934		47498
307		145358		19457107		47492
308		145446		19520293		47518
309		145432		19583473		47471
310		145504		19646599		47499
311		145497		19709807		47477
312		145507		19773026		47420
313		145571		19836145		47466
314		145544		19899315		47512
315		145469		19962537		47486
316		145467		20025695		47559
317		145462		20088833		47658
318		145546		20152011		47641
319		145539		20215178		47692
320		145447		20278375		47636
321		145444		20341540		47649
322		145413		20404716		47639
323		145423		20467863		47621
324		145389		20531004		47641
325		145422		20594175		47604
326		145310		20657334		47519
327		145319		20720489		47504
328		145263		20783612		47503
329		145166		20846755		47486
330		145044		20909879		47452
331		145091		20973048		47483
332		145094		21036240		47552
333		145019		21099377		47562
334		144855		21162514		47564
335		144809		21225665		47549
336		144817		21288812		47543
337		144842		21351944		47569
338		144775		21415096		47553
339		144811		21478206		47549
340		144735		21541361		47546
341		144666		21604458		47538
342		144593		21667555		47553
343		144586		21730652		47559
344		144543		21793754		47549
345		144556		21856852		47528
346		144489		21919919		47585
347		144485		21983041		47569
348		144433		22046190		47552
349		144354		22109330		47541
350		144263		22172489		47513
351		144233		22235595		47509
352		144148		22298695		47501
353		144126		22361738		47552
354		143983		22424877		47515
355		143934		22487965		47497
356		143850		22551070		47474
357		143902		22614176		47471
358		143794		22677275		47498
359		143766		22740372		47552
360		143648		22803478		47564
361		143559		22866546		47546
362		143508		22929627		47525
363		143520		22992719		47456
364		143521		23055777		47520
365		143427		23118843		47534
366		143437		23181924		47589
367		143320		23245023		47532
368		143325		23308072		47545
369		143325		23371156		47567
370		143344		23434201		47524
371		143322		23497268		47534
372		143335		23560334		47407
373		143218		23623372		47441
374		143219		23686433		47458
375		143090		23749542		47488
376		143133		23812607		47454
377		143055		23875671		47469
378		143044		23938713		47482
379		143085		24001721		47469
380		143085		24064800		47470
381		142992		24127863		47456
382		142971		24190951		47404
383		142989		24253969		47431
384		142940		24317011		47486
385		142840		24380016		47448
386		142819		24443021		47507
387		142810		24506013		47561
388		142803		24569037		47557
389		142765		24632032		47593
390		142807		24695008		47628
391		142765		24757984		47581
392		142758		24820972		47573
393		142752		24883962		47543
394		142791		24946983		47504
395		142722		25009952		47513
396		142723		25073016		47520
397		142663		25136035		47474
398		142695		25199038		47556
399		142645		25262066		47512
400		142648		25325068		47498
401		143101		25388218		47496
402		143362		25451374		47502
403		143626		25514531		47493
404		143711		25577701		47472
405		143855		25640868		47441
406		143925		25704007		47520
407		143930		25767189		47482
408		143884		25830320		47504
409		143944		25893477		47512
410		143871		25956644		47511
411		143905		26019833		47495
412		143980		26083006		47465
413		143935		26146187		47468
414		143958		26209321		47489
415		143930		26272498		47480
416		144016		26335664		47523
417		143912		26398832		47556
418		143919		26461984		47568
419		143948		26525127		47528
420		143957		26588300		47559
421		143949		26651465		47529
422		143940		26714566		47535
423		143932		26777746		47564
424		143923		26840886		47542
425		143931		26904043		47446
426		143829		26967156		47468
427		143679		27030264		47399
428		143593		27093406		47456
429		143565		27156542		47443
430		143471		27219644		47460
431		143410		27282744		47493
432		143299		27345869		47519
433		143270		27409044		47516
434		143153		27472178		47513
435		143085		27535274		47496
436		143125		27598385		47445
437		143049		27661489		47456
438		142963		27724600		47487
439		142967		27787723		47462
440		142938		27850829		47530
441		142819		27913955		47452
442		142778		27977088		47455
443		142735		28040171		47476
444		142789		28103276		47437
445		142692		28166409		47454
446		142674		28229531		47528
447		142668		28292642		47493
448		142641		28355736		47515
449		142607		28418818		47476
450		142587		28481924		47459
451		142495		28545034		47550
452		142441		28608062		47439
453		142401		28671163		47521
454		142415		28734297		47509
455		142315		28797431		47499
456		142323		28860481		47494
457		142370		28923578		47544
458		142321		28986680		47518
459		142377		29049793		47494
460		142308		29112917		47504
461		142264		29175976		47474
462		142234		29239019		47485
463		142203		29302114		47492
464		142229		29365213		47516
465		142156		29428283		47444
466		142163		29491340		47497
467		142108		29554350		47516
468		142100		29617449		47505
469		142087		29680475		47485
470		142148		29743550		47525
471		142095		29806638		47519
472		142110		29869702		47562
473		142023		29932775		47576
474		142041		29995833		47586
475		142037		30058919		47453
476		141956		30121948		47508
477		141916		30185036		47486
478		141844		30248035		47453
479		141878		30311023		47459
480		141858		30374084		47501
481		141870		30437168		47535
482		141781		30500236		47496
483		141755		30563297		47523
484		141685		30626319		47539
485		141675		30689358		47497
486		141673		30752406		47469
487		141644		30815437		47493
488		141567		30878470		47502
489		141623		30941464		47511
490		141613		31004505		47526
491		141578		31067498		47488
492		141508		31130517		47513
493		141484		31193544		47485
494		141439		31256575		47514
495		141423		31319538		47552
496		141365		31382542		47507
497		141370		31445530		47573
498		141328		31508546		47606
499		141351		31571573		47613
500		141313		31634598		47589
501		141790		31697769		47579
502		142006		31760929		47595
503		142172		31824097		47577
504		142372		31887227		47542
505		142471		31950360		47549
506		142508		32013539		47535
507		142583		32076726		47518
508		142608		32139888		47470
509		142633		32203075		47475
510		142671		32266253		47489
511		142691		32329421		47497
512		142773		32392603		47474
513		142784		32455761		47452
514		142733		32518891		47468
515		142734		32582028		47448
516		142754		32645191		47398
517		142781		32708363		47451
518		142717		32771547		47559
519		142791		32834723		47494
520		142782		32897899		47516
521		142780		32961077		47484
522		142729		33024240		47539
523		142742		33087388		47506
524		142738		33150483		47505
525		142652		33213641		47471
526		142631		33276813		47542
527		142643		33339968		47545
528		142588		33403101		47547
529		142504		33466258		47566
530		142477		33529379		47541
531		142515		33592479		47544
532		142518		33655601		47560
533		142413		33718701		47568
534		142408		33781804		47615
535		142411		33844916		47584
536		142451		33908037		47511
537		142427		33971153		47505
538		142361		34034253		47495
539		142271		34097340		47477
540		142288		34160416		47448
541		142292		34223529		47491
542		142269		34286704		47536
543		142205		34349777		47507
544		142140		34412926		47483
545		142167		34476001		47422
546		142122		34539082		47435
547		142075		34602184		47448
548		142001		34665298		47388
549		142026		34728398		47537
550		141956		34791508		47524
551		141942		34854595		47526
552		141857		34917709		47545
553		141799		34980780		47487
554		141621		35043862		47504
555		141522		35106941		47467
556		141143		35169997		47469
557		140940		35233079		47500
558		140750		35296168		47512
559		140586		35359277		47509
560		140449		35422345		47545
561		140332		35485402		47548
562		140293		35548489		47502
563		140142		35611539		47516
564		139999		35674623		47484
565		140028		35737699		47534
566		139904		35800770		47466
567		139819		35863851		47537
568		139793		35926935		47566
569		139705		35989983		47590
570		139636		36053074		47546
571		139536		36116205		47571
572		139567		36179302		47574
573		139448		36242312		47555
574		139434		36305367		47601
575		139413		36368464		47610
576		139379		36431515		47648
577		139283		36494540		47677
578		139231		36557586		47646
579		139253		36620627		47629
580		139249		36683707		47533
581		139254		36746756		47594
582		139227		36809787		47534
583		139182		36872848		47567
584		139194		36935893		47533
585		139237		36998925		47536
586		139217		37061946		47557
587		139142		37124995		47492
588		139049		37188021		47524
589		139038		37251018		47553
590		138950		37314098		47596
591		138956		37377091		47604
592		138923		37440095		47618
593		138901		37503099		47562
594		138826		37566110		47538
595		138794		37629153		47524
596		138780		37692141		47537
597		138705		37755136		47482
598		138691		37818105		47456
599		138627		37881067		47409
600		138642		37944109		47449
601		139130		38007285		47409
602		139406		38070449		47522
603		139571		38133668		47554
604		139708		38196838		47616
605		139725		38259978		47579
606		139843		38323121		47565
607		139818		38386334		47537
608		139843		38449512		47542
609		139852		38512675		47543
610		139881		38575807		47531
611		139989		38638929		47551
612		140067		38702068		47499
613		139992		38765238		47507
614		140031		38828388		47495
615		139919		38891532		47525
616		139964		38954698		47488
617		139950		39017906		47507
618		139960		39081056		47493
619		139915		39144227		47588
620		139925		39207371		47622
621		139912		39270515		47503
622		139940		39333659		47531
623		139943		39396832		47572
624		139863		39459938		47524
625		139838		39523042		47464
626		139769		39586203		47517
627		139795		39649324		47546
628		139730		39712473		47579
629		139741		39775589		47533
630		139728		39838709		47592
631		139752		39901871		47575
632		139709		39964984		47606
633		139738		40028133		47553
634		139708		40091258		47514
635		139735		40154377		47508
636		139644		40217490		47522
637		139611		40280596		47527
638		139620		40343711		47497
639		139559		40406822		47534
640		139539		40469923		47493
641		139576		40532983		47614
642		139567		40596084		47531
643		139583		40659200		47568
644		139509		40722288		47536
645		139496		40785353		47505
646		139498		40848424		47491
647		139520		40911533		47515
648		139406		40974652		47560
649		139447		41037749		47547
650		139426		41100810		47539
651		139340		41163915		47552
652		139314		41227003		47566
653		139288		41290042		47596
654		139245		41353161		47625
655		139213		41416276		47573
656		139240		41479328		47550
657		139273		41542399		47556
658		139302		41605421		47546
659		139280		41668481		47482
660		139209		41731547		47519
661		139188		41794586		47521
662		139185		41857670		47590
663		139144		41920751		47568
664		139170		41983818		47584
665		139191		42046836		47568
666		139105		42109899		47549
667		139011		42172961		47540
668		139039		42236024		47510
669		138937		42299063		47561
670		138979		42362078		47556
671		138995		42425121		47529
672		139025		42488159		47522
673		138917		42551196		47490
674		138928		42614240		47477
675		138844		42677304		47546
676		138855		42740389		47578
677		138791		42803447		47565
678		138803		42866497		47558
679		138800		42929572		47541
680		138787		42992525		47504
681		138827		43055590		47562
682		138781		43118609		47614
683		138726		43181633		47575
684		138725		43244635		47567
685		138740		43307643		47549
686		138685		43370634		47535
687		138646		43433645		47560
688		138622		43496679		47544
689		138616		43559687		47650
690		138563		43622694		47659
691		138478		43685712		47618
692		138502		43748730		47587
693		138493		43811762		47541
694		138471		43874752		47528
695		138445		43937742		47540
696		138456		44000741		47508
697		138471		44063756		47554
698		138369		44126762		47624
699		138368		44189772		47595
700		138391		44252792		47590
701		138837		44315967		47581
702		139110		44379118		47571
703		139288		44442288		47551
704		139433		44505408		47618
705		139557		44568544		47598
706		139624		44631692		47607
707		139723		44694848		47618
708		139795		44757995		47633
709		139816		44821130		47614
710		139777		44884278		47607
711		139744		44947395		47526
712		139784		45010552		47555
713		139744		45073650		47559
714		139830		45136795		47527
715		139767		45199940		47564
716		139749		45263094		47532
717		139748		45326209		47567
718		139776		45389355		47557
719		139791		45452502		47569
720		139726		45515681		47557
721		139746		45578806		47503
722		139856		45641989		47670
723		139786		45705149		47604
724		139739		45768322		47630
725		139752		45831436		47574
726		139631		45894567		47609
727		139532		45957694		47618
728		139502		46020853		47574
729		139485		46084001		47550
730		139563		46147102		47549
731		139570		46210207		47558
732		139494		46273318		47502
733		139501		46336468		47526
734		139477		46399615		47597
735		139459		46462757		47616
736		139313		46525902		47613
737		139352		46588987		47590
738		139329		46652089		47559
739		139279		46715212		47621
740		139343		46778325		47590
741		139400		46841467		47504
742		139385		46904541		47500
743		139324		46967675		47473
744		139277		47030717		47522
745		139310		47093829		47524
746		139277		47156940		47566
747		139215		47220048		47506
748		139146		47283132		47529
749		139168		47346235		47553
750		139107		47409334		47591
751		139144		47472418		47582
752		139129		47535519		47580
753		139116		47598581		47519
754		139199		47661617		47558
755		139078		47724722		47568
756		139095		47787803		47572
757		139111		47850869		47562
758		139022		47913988		47578
759		139011		47977070		47579
760		138991		48040116		47517
761		138998		48103183		47528
762		139041		48166256		47525
763		138982		48229294		47402
764		138948		48292398		47483
765		138879		48355509		47446
766		138823		48418556		47420
767		138817		48481597		47436
768		138767		48544610		47449
769		138744		48607657		47468
770		138718		48670698		47486
771		138738		48733735		47486
772		138738		48796800		47484
773		138737		48859842		47472
774		138719		48922923		47500
775		138702		48985952		47510
776		138635		49048978		47554
777		138609		49112010		47559
778		138580		49175023		47579
779		138604		49238085		47559
780		138595		49301135		47538
781		138572		49364190		47518
782		138551		49427155		47527
783		138511		49490214		47561
784		138513		49553227		47526
785		138484		49616271		47510
786		138435		49679315		47531
787		138395		49742363		47551
788		138398		49805391		47508
789		138380		49868396		47476
790		138415		49931402		47443
791		138372		49994427		47469
792		138430		50057418		47464
793		138400		50120411		47422
794		138387		50183405		47472
795		138371		50246372		47484
796		138416		50309416		47454
797		138356		50372405		47455
798		138299		50435391		47484
799		138239		50498360		47539
800		138255		50561314		47567
801		138663		50624428		47510
802		138918		50687537		47551
803		139093		50750690		47504
804		139321		50813835		47533
805		139422		50876968		47600
806		139517		50940087		47622
807		139590		51003256		47587
808		139640		51066418		47611
809		139669		51129597		47604
810		139643		51192754		47527
811		139632		51255865		47572
812		139673		51319010		47594
813		139688		51382162		47646
814		139571		51445331		47593
815		139615		51508506		47576
816		139639		51571682		47597
817		139677		51634851		47570
818		139564		51698009		47540
819		139536		51761125		47608
820		139572		51824250		47607
821		139564		51887403		47539
822		139549		51950526		47518
823		139588		52013654		47551
824		139569		52076791		47605
825		139564		52139906		47594
826		139577		52203038		47553
827		139490		52266164		47563
828		139499		52329297		47543
829		139530		52392456		47497
830		139534		52455600		47565
831		139402		52518742		47558
832		139422		52581890		47555
833		139348		52644998		47612
834		139396		52708099		47596
835		139389		52771219		47558
836		139375		52834339		47593
837		139380		52897435		47589
838		139360		52960542		47618
839		139302		53023634		47611
840		139303		53086742		47616
841		139273		53149865		47617
842		139250		53212974		47605
843		139268		53276102		47660
844		139251		53339196		47649
845		139206		53402269		47605
846		139181		53465357		47567
847		139070		53528459		47492
848		139131		53591556		47582
849		139101		53654652		47572
850		139035		53717757		47556
851		139027		53780841		47617
852		139048		53843968		47600
853		139012		53907030		47650
854		139033		53970118		47661
855		138945		54033190		47662
856		138937		54096259		47677
857		138928		54159304		47659
858		138959		54222387		47663
859		138923		54285465		47618
860		138877		54348535		47627
861		138846		54411542		47660
862		138812		54474604		47600
863		138867		54537671		47644
864		138755		54600737		47568
865		138758		54663792		47602
866		138672		54726875		47541
867		138723		54789924		47581
868		138700		54853001		47542
869		138744		54916050		47499
870		138706		54979089		47489
871		138713		55042147		47497
872		138652		55105175		47597
873		138633		55168216		47578
874		138611		55231292		47565
875		138520		55294358		47594
876		138583		55357387		47510
877		138512		55420440		47523
878		138501		55483450		47548
879		138486		55546474		47535
880		138477		55609555		47523
881		138444		55672578		47538
882		138385		55735610		47477
883		138403		55798624		47456
884		138386		55861626		47555
885		138391		55924654		47533
886		138411		55987641		47545
887		138394		56050675		47592
888		138443		56113701		47572
889		138385		56176659		47565
890		138347		56239654		47618
891		138333		56302687		47596
892		138316		56365674		47560
893		138278		56428680		47529
894		138339		56491654		47512
895		138306		56554648		47515
896		138320		56617687		47502
897		138253		56680692		47539
898		138277		56743645		47558
899		138339		56806629		47547
900		138298		56869573		47537
901		138658		56932762		47564
902		138919		56995892		47620
903		139075		57059046		47681
904		139246		57122173		47603
905		139273		57185294		47579
906		139424		57248431		47583
907		139438		57311597		47597
908		139479		57374746		47581
909		139475		57437883		47582
910		139630		57501068		47585
911		139601		57564204		47614
912		139690		57627364		47697
913		139708		57690513		47745
914		139710		57753654		47680
915		139671		57816828		47644
916		139669		57880054		47663
917		139700		57943255		47665
918		139691		58006376		47605
919		139703		58069516		47569
920		139660		58132700		47585
921		139649		58195883		47599
922		139618		58259049		47664
923		139519		58322181		47588
924		139531		58385288		47644
925		139490		58448404		47662
926		139477		58511521		47588
927		139522		58574659		47582
928		139510		58637782		47595
929		139521		58700878		47601
930		139501		58764013		47616
931		139479		58827148		47549
932		139468		58890241		47510
933		139349		58953378		47538
934		139365		59016458		47534
935		139250		59079572		47525
936		139336		59142676		47541
937		139304		59205790		47559
938		139318		59268866		47552
939		139255		59331966		47563
940		139189		59395057		47537
941		139265		59458165		47524
942		139323		59521252		47546
943		139232		59584332		47558
944		139154		59647419		47557
945		139172		59710472		47613
946		139181		59773600		47640
947		139106		59836664		47499
948		139123		59899741		47558
949		139158		59962839		47577
950		139084		60025921		47590
951		139030		60088990		47531
952		139005		60152041		47590
953		139003		60215138		47590
954		138991		60278221		47584
955		138954		60341308		47549
956		138925		60404391		47548
957		138843		60467473		47505
958		138794		60530519		47555
959		138746		60593569		47598
960		138737		60656646		47609
961		138727		60719699		47601
962		138665		60782722		47589
963		138769		60845791		47567
964		138686		60908809		47559
965		138614		60971833		47557
966		138679		61034873		47606
967		138737		61097901		47655
968		138673		61160940		47667
969		138709		61224000		47626
970		138696		61287034		47603
971		138688		61350065		47640
972		138654		61413108		47646
973		138593		61476184		47608
974		138626		61539244		47597
975		138568		61602295		47632
976		138531		61665330		47633
977		138542		61728378		47566
978		138475		61791418		47574
979		138463		61854424		47612
980		138447		61917474		47582
981		138465		61980544		47620
982		138428		62043563		47519
983		138406		62106612		47580
984		138426		62169664		47550
985		138379		62232653		47577
986		138350		62295649		47660
987		138327		62358675		47638
988		138373		62421674		47567
989		138367		62484680		47568
990		138370		62547726		47542
991		138329		62610713		47573
992		138306		62673697		47558
993		138291		62736738		47554
994		138232		62799686		47564
995		138249		62862646		47517
996		138164		62925648		47489
997		138157		62988621		47514
998		138178		63051568		47454
999		138165		63114562		47482
