# Migration is number of nodes that have changed color.

Round		Edge-Cut		Swaps		Migrations		Skipped
0		8945		4720		3014
1		8364		9440		3047
2		7950		14160		3167
3		7584		18880		3142
4		7295		23600		3194
5		7047		28320		3162
6		6964		33040		3193
7		6834		37760		3161
8		6585		42480		3220
9		6447		47200		3180
10		6335		51920		3216
11		6233		56640		3230
12		6155		61360		3253
13		6061		66080		3253
14		5960		70800		3289
15		5921		75520		3261
16		5779		80240		3226
17		5741		84960		3243
18		5715		89680		3263
19		5663		94400		3253
20		5527		99120		3269
21		5507		103840		3254
22		5432		108560		3266
23		5359		113280		3243
24		5313		118000		3288
25		5277		122720		3250
26		5214		127440		3266
27		5168		132160		3218
28		5107		136880		3230
29		5157		141600		3246
30		5086		146320		3257
31		5039		151040		3268
32		5079		155759		3264
33		5071		160479		3256
34		5034		165199		3246
35		4997		169919		3249
36		4930		174639		3244
37		4871		179359		3260
38		4838		184078		3259
39		4768		188798		3269
40		4705		193518		3276
41		4675		198238		3280
42		4630		202958		3252
43		4671		207678		3273
44		4561		212398		3248
45		4502		217118		3272
46		4538		221838		3278
47		4526		226558		3267
48		4474		231278		3290
49		4458		235997		3261
50		4411		240716		3269
51		4422		245435		3288
52		4389		250153		3300
53		4339		254870		3279
54		4377		259590		3295
55		4360		264310		3273
56		4359		269030		3273
57		4332		273750		3285
58		4366		278468		3285
59		4314		283188		3286
60		4320		287908		3260
61		4276		292628		3289
62		4277		297347		3274
63		4314		302067		3262
64		4259		306786		3303
65		4309		311505		3304
66		4333		316224		3312
67		4301		320943		3318
68		4248		325662		3306
69		4270		330382		3313
70		4251		335100		3306
71		4221		339819		3307
72		4234		344538		3306
73		4257		349256		3324
74		4189		353975		3305
75		4195		358692		3325
76		4122		363409		3322
77		4129		368126		3307
78		4179		372846		3311
79		4146		377559		3310
80		4045		382276		3317
81		4053		386994		3310
82		4044		391714		3325
83		4030		396430		3319
84		4016		401143		3308
85		3977		405859		3305
86		3971		410574		3293
87		3968		415292		3306
88		3957		420009		3325
89		3887		424728		3302
90		3884		429443		3299
91		3862		434161		3315
92		3862		438880		3317
93		3813		443595		3309
94		3801		448311		3296
95		3800		453026		3311
96		3774		457741		3301
97		3790		462455		3311
98		3751		467169		3319
99		3776		471878		3316
100		3780		476590		3302
101		3775		481304		3320
102		3698		481804		3306
103		3622		482130		3320
104		3576		482441		3309
105		3535		482692		3298
106		3490		482912		3299
107		3467		483200		3302
108		3443		483464		3294
109		3412		483702		3295
110		3381		483930		3279
111		3343		484190		3285
112		3304		484369		3281
113		3266		484534		3282
114		3249		484738		3288
115		3223		484888		3293
116		3212		485028		3294
117		3205		485161		3289
118		3198		485309		3293
119		3167		485434		3291
120		3151		485547		3280
121		3144		485698		3281
122		3124		485819		3287
123		3123		485933		3299
124		3107		486075		3288
125		3070		486213		3287
126		3058		486324		3273
127		3050		486431		3279
128		3048		486540		3282
129		3028		486642		3278
130		3029		486760		3288
131		3011		486874		3293
132		2989		486971		3292
133		2991		487070		3298
134		2991		487178		3296
135		2971		487273		3297
136		2977		487370		3301
137		2960		487458		3306
138		2926		487537		3305
139		2922		487626		3302
140		2903		487712		3297
141		2886		487794		3293
142		2882		487885		3297
143		2865		487942		3289
144		2848		487982		3293
145		2845		488012		3289
146		2838		488038		3292
147		2830		488064		3293
148		2816		488104		3293
149		2815		488119		3291
150		2812		488134		3288
151		2795		488171		3289
152		2794		488197		3293
153		2792		488232		3290
154		2781		488287		3292
155		2781		488335		3294
156		2771		488374		3293
157		2771		488417		3295
158		2764		488451		3297
159		2759		488480		3298
160		2765		488519		3302
161		2762		488548		3299
162		2758		488588		3298
163		2762		488629		3302
164		2762		488669		3300
165		2759		488724		3292
166		2768		488769		3293
167		2762		488826		3303
168		2761		488861		3303
169		2760		488909		3308
170		2755		488968		3307
171		2744		489012		3304
172		2737		489056		3304
173		2740		489089		3305
174		2739		489136		3308
175		2742		489173		3306
176		2728		489209		3310
177		2738		489252		3305
178		2729		489297		3311
179		2731		489333		3314
180		2728		489361		3311
181		2724		489394		3307
182		2720		489408		3304
183		2719		489418		3305
184		2718		489423		3304
185		2718		489428		3303
186		2710		489438		3304
187		2709		489444		3304
188		2707		489450		3307
189		2707		489458		3307
190		2709		489467		3306
191		2709		489478		3307
192		2708		489489		3308
193		2710		489507		3309
194		2714		489517		3306
195		2711		489531		3308
196		2710		489542		3311
197		2712		489555		3309
198		2707		489568		3311
199		2705		489582		3310
200		2709		489597		3309
201		2704		489607		3306
202		2704		489613		3306
203		2700		489621		3309
204		2703		489627		3308
205		2700		489632		3310
206		2700		489638		3311
207		2699		489650		3316
208		2696		489665		3312
209		2698		489678		3314
210		2691		489698		3311
211		2690		489709		3308
212		2691		489722		3313
213		2688		489725		3312
214		2688		489732		3309
215		2686		489737		3310
216		2685		489742		3311
217		2682		489745		3308
218		2682		489748		3310
219		2682		489750		3310
220		2683		489753		3308
221		2684		489758		3307
222		2686		489762		3309
223		2686		489765		3308
224		2686		489767		3308
225		2686		489773		3310
226		2683		489784		3312
227		2680		489786		3312
228		2678		489787		3311
229		2678		489787		3311
230		2678		489787		3311
231		2678		489787		3311
232		2678		489787		3311
233		2678		489787		3311
234		2678		489787		3311
235		2678		489787		3311
236		2678		489787		3311
237		2678		489787		3311
238		2678		489787		3311
239		2678		489787		3311
240		2678		489787		3311
241		2678		489787		3311
242		2678		489787		3311
243		2678		489787		3311
244		2678		489787		3311
245		2678		489787		3311
246		2678		489787		3311
247		2678		489787		3311
248		2678		489787		3311
249		2678		489787		3311
250		2678		489787		3311
251		2794		494507		3317
252		2849		499226		3303
253		2935		503946		3302
254		2966		508666		3314
255		3002		513386		3303
256		3071		518106		3312
257		3077		522826		3329
258		3070		527546		3308
259		3093		532266		3330
260		3176		536986		3320
261		3177		541706		3317
262		3183		546426		3316
263		3109		551146		3324
264		3091		555866		3302
265		3119		560586		3304
266		3117		565306		3319
267		3112		570026		3300
268		3106		574746		3310
269		3095		579466		3318
270		3106		584186		3326
271		3117		588906		3328
272		3162		593626		3340
273		3147		598346		3328
274		3169		603066		3311
275		3151		607786		3318
276		3144		612506		3317
277		3151		617226		3331
278		3178		621946		3321
279		3180		626666		3324
280		3165		631386		3303
281		3185		636106		3288
282		3172		640825		3311
283		3157		645545		3319
284		3170		650263		3310
285		3209		654982		3314
286		3148		659702		3312
287		3214		664422		3317
288		3179		669142		3315
289		3166		673862		3315
290		3198		678582		3307
291		3123		683301		3339
292		3140		688021		3335
293		3179		692741		3329
294		3221		697460		3317
295		3264		702180		3329
296		3206		706899		3322
297		3198		711619		3333
298		3165		716338		3324
299		3137		721057		3306
300		3156		725775		3311
301		3141		730495		3334
302		3093		735215		3335
303		3112		739935		3307
304		3147		744655		3319
305		3113		749375		3328
306		3169		754094		3339
307		3177		758814		3333
308		3157		763531		3328
309		3103		768251		3336
310		3110		772970		3339
311		3109		777689		3334
312		3121		782406		3333
313		3112		787126		3354
314		3119		791845		3334
315		3113		796563		3323
316		3120		801282		3323
317		3140		806002		3336
318		3081		810722		3332
319		3147		815442		3337
320		3128		820160		3320
321		3108		824877		3324
322		3075		829596		3328
323		3053		834314		3333
324		3098		839033		3325
325		3065		843751		3334
326		3032		848468		3308
327		3040		853186		3324
328		3026		857904		3346
329		3037		862621		3333
330		3048		867340		3316
331		3018		872056		3315
332		3022		876774		3329
333		2978		881493		3337
334		2987		886209		3343
335		2991		890927		3334
336		3002		895645		3338
337		2975		900362		3338
338		2970		905080		3333
339		2962		909795		3320
340		2931		914511		3305
341		2908		919226		3309
342		2905		923940		3314
343		2899		928652		3310
344		2884		933368		3314
345		2846		938082		3320
346		2841		942801		3319
347		2851		947519		3312
348		2848		952235		3325
349		2855		956948		3306
350		2853		961665		3314
351		2857		966380		3321
352		2825		966678		3312
353		2792		966925		3316
354		2763		967125		3306
355		2762		967354		3318
356		2713		967539		3330
357		2669		967680		3331
358		2658		967839		3328
359		2648		968000		3327
360		2635		968129		3325
361		2626		968265		3329
362		2610		968385		3334
363		2586		968501		3336
364		2589		968603		3338
365		2587		968706		3329
366		2582		968817		3341
367		2576		968939		3336
368		2560		969039		3343
369		2558		969140		3352
370		2547		969237		3343
371		2525		969324		3336
372		2510		969390		3339
373		2501		969458		3331
374		2487		969508		3329
375		2490		969563		3326
376		2478		969633		3328
377		2467		969679		3329
378		2458		969725		3331
379		2458		969762		3335
380		2452		969809		3335
381		2451		969859		3344
382		2433		969907		3332
383		2433		969943		3339
384		2425		969975		3335
385		2412		970007		3330
386		2404		970028		3331
387		2403		970055		3329
388		2411		970085		3327
389		2403		970114		3330
390		2398		970134		3331
391		2394		970164		3332
392		2391		970196		3333
393		2386		970219		3330
394		2385		970241		3332
395		2387		970267		3329
396		2384		970290		3336
397		2373		970328		3331
398		2368		970356		3332
399		2359		970371		3330
400		2354		970384		3333
401		2353		970396		3334
402		2349		970404		3333
403		2351		970413		3332
404		2349		970422		3332
405		2348		970428		3331
406		2345		970449		3332
407		2343		970451		3330
408		2343		970452		3330
409		2339		970463		3327
410		2335		970466		3329
411		2334		970467		3329
412		2334		970467		3329
413		2333		970468		3329
414		2333		970468		3329
415		2333		970468		3329
416		2333		970468		3329
417		2333		970468		3329
418		2333		970468		3329
419		2333		970468		3329
420		2333		970468		3329
421		2331		970469		3328
422		2331		970469		3328
423		2331		970469		3328
424		2331		970469		3328
425		2331		970469		3328
426		2331		970469		3328
427		2331		970469		3328
428		2331		970469		3328
429		2331		970469		3328
430		2331		970469		3328
431		2331		970469		3328
432		2331		970469		3328
433		2331		970469		3328
434		2331		970469		3328
435		2331		970469		3328
436		2331		970469		3328
437		2331		970469		3328
438		2331		970469		3328
439		2331		970469		3328
440		2331		970469		3328
441		2331		970469		3328
442		2331		970469		3328
443		2331		970469		3328
444		2331		970469		3328
445		2331		970469		3328
446		2331		970469		3328
447		2331		970469		3328
448		2331		970469		3328
449		2331		970469		3328
450		2331		970469		3328
451		2331		970469		3328
452		2331		970469		3328
453		2331		970469		3328
454		2331		970469		3328
455		2331		970469		3328
456		2331		970469		3328
457		2331		970469		3328
458		2331		970469		3328
459		2331		970469		3328
460		2331		970469		3328
461		2331		970469		3328
462		2331		970469		3328
463		2331		970469		3328
464		2331		970469		3328
465		2331		970469		3328
466		2331		970469		3328
467		2331		970469		3328
468		2331		970469		3328
469		2331		970469		3328
470		2331		970469		3328
471		2331		970469		3328
472		2331		970469		3328
473		2331		970469		3328
474		2331		970469		3328
475		2331		970469		3328
476		2331		970469		3328
477		2331		970469		3328
478		2331		970469		3328
479		2331		970469		3328
480		2331		970469		3328
481		2331		970469		3328
482		2331		970469		3328
483		2331		970469		3328
484		2331		970469		3328
485		2331		970469		3328
486		2331		970469		3328
487		2331		970469		3328
488		2331		970469		3328
489		2331		970469		3328
490		2331		970469		3328
491		2331		970469		3328
492		2331		970469		3328
493		2331		970469		3328
494		2331		970469		3328
495		2331		970469		3328
496		2331		970469		3328
497		2331		970469		3328
498		2331		970469		3328
499		2331		970469		3328
