# Migration is number of nodes that have changed color.

Round		Edge-Cut		Swaps		Migrations		Skipped
0		8945		4720		3014
1		8364		9440		3047
2		7950		14160		3167
3		7584		18880		3142
4		7295		23600		3194
5		7047		28320		3162
6		6964		33040		3193
7		6834		37760		3161
8		6585		42480		3220
9		6447		47200		3180
10		6335		51920		3216
11		6233		56640		3230
12		6155		61360		3253
13		6061		66080		3253
14		5960		70800		3289
15		5914		75520		3262
16		5775		80240		3226
17		5738		84960		3244
18		5688		89680		3255
19		5653		94400		3257
20		5523		99120		3260
21		5486		103840		3257
22		5446		108560		3280
23		5334		113280		3241
24		5280		118000		3288
25		5244		122720		3236
26		5206		127440		3244
27		5113		132160		3233
28		5121		136880		3257
29		5123		141600		3247
30		5032		146320		3232
31		5085		151040		3272
32		5021		155760		3285
33		5051		160480		3294
34		5031		165200		3293
35		4955		169920		3253
36		4850		174640		3304
37		4806		179360		3275
38		4801		184080		3301
39		4785		188800		3266
40		4754		193520		3287
41		4752		198240		3263
42		4764		202960		3282
43		4689		207680		3306
44		4712		212400		3262
45		4606		217120		3266
46		4677		221840		3283
47		4589		226560		3298
48		4506		231280		3276
49		4515		236000		3274
50		4444		240720		3307
51		4399		245440		3280
52		4446		250160		3289
53		4473		254880		3276
54		4446		259600		3264
55		4382		264320		3272
56		4402		269040		3262
57		4260		273760		3258
58		4319		278480		3286
59		4355		283200		3294
60		4366		287920		3286
61		4341		292640		3280
62		4326		297360		3273
63		4274		302080		3264
64		4262		306800		3280
65		4299		311520		3304
66		4354		316240		3266
67		4345		320960		3266
68		4322		325680		3302
69		4359		330400		3289
70		4304		335120		3301
71		4323		339840		3302
72		4246		344560		3299
73		4305		349280		3311
74		4306		354000		3336
75		4301		358720		3327
76		4265		363440		3292
77		4309		368160		3297
78		4295		372880		3300
79		4187		377600		3297
80		4249		382320		3300
81		4240		387040		3293
82		4238		391760		3310
83		4292		396480		3293
84		4247		401200		3303
85		4214		405920		3311
86		4272		410640		3328
87		4207		415360		3331
88		4232		420080		3347
89		4260		424800		3341
90		4217		429520		3318
91		4204		434240		3315
92		4200		438960		3322
93		4165		443680		3311
94		4192		448400		3300
95		4143		453120		3308
96		4129		457840		3295
97		4102		462560		3306
98		4117		467280		3308
99		4075		472000		3333
100		4080		476720		3314
101		4094		481440		3339
102		4129		486160		3341
103		4106		490880		3345
104		4145		495600		3341
105		4119		500320		3315
106		4193		505040		3350
107		4107		509760		3337
108		4076		514480		3360
109		4011		519200		3344
110		4037		523920		3358
111		4102		528639		3334
112		4097		533359		3347
113		4096		538079		3324
114		4118		542799		3326
115		4086		547519		3346
116		4062		552239		3340
117		4032		556959		3348
118		4075		561679		3311
119		4048		566399		3304
120		4001		571119		3326
121		4050		575839		3323
122		4043		580559		3312
123		4010		585279		3319
124		3999		589999		3343
125		4046		594719		3335
126		3932		599439		3323
127		3929		604159		3334
128		3929		608879		3344
129		3945		613599		3327
130		3944		618319		3311
131		3919		623039		3309
132		3938		627759		3323
133		3977		632479		3293
134		3931		637199		3333
135		3879		641919		3343
136		3882		646639		3340
137		3932		651359		3305
138		3894		656079		3325
139		3894		660799		3342
140		3877		665519		3358
141		3904		670239		3318
142		3912		674959		3335
143		3823		679679		3338
144		3887		684399		3334
145		3866		689119		3334
146		3856		693839		3338
147		3872		698559		3314
148		3850		703279		3307
149		3869		707999		3324
150		3824		712719		3294
151		3860		717439		3340
152		3870		722159		3339
153		3804		726879		3327
154		3786		731599		3341
155		3788		736319		3339
156		3777		741039		3356
157		3807		745759		3374
158		3784		750479		3350
159		3793		755199		3344
160		3779		759919		3348
161		3836		764639		3348
162		3832		769359		3364
163		3846		774079		3373
164		3791		778799		3370
165		3795		783519		3366
166		3822		788239		3383
167		3821		792959		3351
168		3750		797679		3375
169		3818		802399		3369
170		3820		807119		3377
171		3773		811839		3375
172		3773		816559		3344
173		3755		821279		3379
174		3738		825999		3382
175		3771		830719		3363
176		3754		835439		3352
177		3748		840159		3352
178		3789		844879		3351
179		3786		849599		3369
180		3750		854319		3344
181		3751		859039		3362
182		3761		863759		3353
183		3754		868479		3348
184		3789		873199		3368
185		3767		877919		3355
186		3805		882639		3356
187		3806		887358		3332
188		3785		892078		3353
189		3740		896798		3346
190		3704		901518		3349
191		3694		906238		3356
192		3712		910958		3354
193		3692		915678		3358
194		3640		920398		3369
195		3692		925118		3395
196		3743		929838		3364
197		3687		934558		3376
198		3691		939278		3391
199		3687		943998		3381
200		3740		948718		3376
201		3743		953438		3370
202		3751		958158		3358
203		3739		962878		3361
204		3734		967598		3359
205		3710		972318		3367
206		3751		977038		3346
207		3713		981758		3366
208		3742		986478		3355
209		3753		991198		3383
210		3709		995918		3363
211		3678		1000638		3347
212		3719		1005358		3353
213		3637		1010078		3365
214		3664		1014798		3367
215		3625		1019518		3369
216		3626		1024238		3367
217		3680		1028958		3368
218		3709		1033678		3355
219		3702		1038398		3352
220		3645		1043118		3358
221		3651		1047838		3354
222		3620		1052558		3348
223		3646		1057278		3345
224		3692		1061998		3361
225		3620		1066718		3359
226		3694		1071438		3349
227		3695		1076158		3373
228		3687		1080878		3359
229		3654		1085598		3354
230		3659		1090318		3366
231		3675		1095038		3346
232		3730		1099758		3368
233		3719		1104478		3356
234		3716		1109198		3329
235		3722		1113918		3336
236		3708		1118638		3347
237		3700		1123358		3334
238		3670		1128078		3349
239		3624		1132798		3349
240		3632		1137518		3342
241		3661		1142238		3349
242		3654		1146958		3343
243		3636		1151678		3327
244		3628		1156398		3343
245		3570		1161118		3345
246		3587		1165838		3341
247		3637		1170558		3376
248		3559		1175278		3348
249		3582		1179998		3347
250		3617		1184718		3348
251		3552		1189438		3346
252		3662		1194158		3355
253		3603		1198878		3357
254		3623		1203598		3390
255		3583		1208318		3332
256		3555		1213038		3337
257		3536		1217758		3351
258		3481		1222478		3366
259		3547		1227198		3358
260		3525		1231918		3347
261		3490		1236638		3335
262		3521		1241358		3324
263		3538		1246078		3337
264		3549		1250798		3353
265		3540		1255518		3323
266		3524		1260238		3341
267		3593		1264958		3348
268		3590		1269678		3357
269		3558		1274398		3373
270		3569		1279118		3361
271		3563		1283838		3343
272		3569		1288558		3352
273		3535		1293278		3358
274		3529		1297998		3373
275		3569		1302718		3388
276		3545		1307438		3373
277		3537		1312158		3379
278		3571		1316878		3351
279		3518		1321598		3364
280		3495		1326318		3350
281		3491		1331038		3344
282		3495		1335758		3351
283		3468		1340478		3357
284		3508		1345198		3365
285		3472		1349918		3363
286		3523		1354638		3362
287		3549		1359358		3384
288		3533		1364078		3360
289		3513		1368798		3356
290		3476		1373518		3364
291		3495		1378238		3359
292		3498		1382958		3399
293		3540		1387678		3367
294		3516		1392398		3371
295		3503		1397118		3386
296		3561		1401838		3356
297		3556		1406558		3374
298		3521		1411278		3362
299		3449		1415998		3382
300		3494		1420718		3384
301		3489		1425438		3360
302		3498		1430158		3367
303		3485		1434878		3366
304		3460		1439598		3376
305		3482		1444317		3384
306		3453		1449037		3368
307		3418		1453757		3378
308		3422		1458477		3383
309		3435		1463197		3392
310		3445		1467917		3394
311		3471		1472637		3391
312		3432		1477357		3389
313		3402		1482077		3379
314		3365		1486797		3366
315		3364		1491517		3377
316		3346		1496237		3372
317		3370		1500956		3375
318		3305		1505676		3375
319		3297		1510396		3386
320		3359		1515116		3370
321		3397		1519836		3368
322		3446		1524556		3388
323		3412		1529276		3377
324		3404		1533996		3384
325		3393		1538715		3384
326		3416		1543435		3381
327		3451		1548155		3379
328		3370		1552875		3381
329		3386		1557595		3377
330		3347		1562315		3402
331		3402		1567035		3397
332		3401		1571755		3374
333		3394		1576475		3342
334		3404		1581195		3368
335		3402		1585915		3374
336		3430		1590635		3376
337		3409		1595355		3368
338		3380		1600075		3379
339		3387		1604795		3360
340		3404		1609515		3367
341		3398		1614235		3357
342		3338		1618955		3348
343		3409		1623675		3344
344		3359		1628395		3340
345		3334		1633115		3357
346		3365		1637835		3358
347		3347		1642555		3375
348		3290		1647275		3393
349		3280		1651995		3351
350		3321		1656715		3377
351		3323		1661435		3369
352		3342		1666155		3381
353		3289		1670875		3382
354		3272		1675595		3372
355		3279		1680315		3367
356		3322		1685035		3375
357		3312		1689755		3389
358		3265		1694475		3370
359		3288		1699195		3373
360		3274		1703915		3360
361		3248		1708635		3371
362		3318		1713355		3386
363		3261		1718075		3363
364		3290		1722795		3356
365		3285		1727515		3348
366		3293		1732235		3361
367		3262		1736955		3361
368		3262		1741675		3372
369		3274		1746395		3366
370		3274		1751115		3368
371		3325		1755835		3378
372		3309		1760555		3372
373		3325		1765275		3399
374		3311		1769995		3397
375		3282		1774715		3388
376		3328		1779435		3371
377		3331		1784155		3388
378		3293		1788874		3376
379		3296		1793594		3366
380		3286		1798314		3373
381		3324		1803034		3384
382		3289		1807754		3401
383		3303		1812474		3410
384		3289		1817194		3384
385		3303		1821914		3383
386		3292		1826634		3378
387		3273		1831354		3370
388		3304		1836074		3378
389		3299		1840794		3370
390		3309		1845514		3395
391		3312		1850234		3385
392		3324		1854954		3386
393		3317		1859674		3378
394		3354		1864394		3361
395		3287		1869114		3365
396		3292		1873834		3374
397		3275		1878554		3396
398		3298		1883274		3399
399		3293		1887994		3407
400		3308		1892714		3400
401		3296		1897434		3400
402		3287		1902154		3406
403		3316		1906874		3382
404		3352		1911594		3384
405		3351		1916314		3407
406		3351		1921034		3401
407		3307		1925754		3411
408		3316		1930474		3398
409		3337		1935194		3403
410		3353		1939914		3403
411		3338		1944634		3410
412		3272		1949354		3407
413		3322		1954074		3444
414		3277		1958794		3422
415		3303		1963514		3406
416		3264		1968234		3392
417		3267		1972954		3405
418		3340		1977674		3423
419		3324		1982394		3397
420		3281		1987114		3408
421		3253		1991834		3409
422		3231		1996554		3390
423		3304		2001274		3395
424		3296		2005994		3407
425		3295		2010714		3399
426		3312		2015434		3418
427		3281		2020154		3402
428		3305		2024874		3414
429		3270		2029594		3396
430		3358		2034314		3392
431		3317		2039034		3386
432		3278		2043754		3392
433		3275		2048474		3395
434		3289		2053194		3402
435		3299		2057914		3387
436		3267		2062634		3393
437		3219		2067354		3393
438		3180		2072074		3373
439		3175		2076794		3404
440		3196		2081514		3386
441		3222		2086234		3395
442		3187		2090954		3410
443		3208		2095674		3397
444		3196		2100394		3389
445		3199		2105114		3405
446		3216		2109834		3415
447		3189		2114554		3404
448		3194		2119274		3409
449		3216		2123994		3391
450		3275		2128714		3383
451		3231		2133434		3395
452		3195		2138154		3398
453		3192		2142874		3393
454		3226		2147594		3397
455		3202		2152314		3398
456		3231		2157034		3408
457		3188		2161754		3392
458		3222		2166474		3399
459		3229		2171194		3402
460		3178		2175914		3412
461		3163		2180634		3389
462		3163		2185354		3411
463		3139		2190074		3418
464		3157		2194794		3392
465		3155		2199513		3392
466		3177		2204233		3392
467		3182		2208953		3391
468		3219		2213673		3407
469		3232		2218393		3399
470		3193		2223113		3399
471		3180		2227833		3398
472		3173		2232553		3398
473		3157		2237273		3395
474		3117		2241993		3392
475		3108		2246713		3382
476		3131		2251432		3394
477		3152		2256152		3385
478		3145		2260872		3379
479		3114		2265592		3383
480		3114		2270312		3365
481		3110		2275032		3388
482		3142		2279752		3384
483		3125		2284472		3399
484		3160		2289192		3400
485		3147		2293912		3396
486		3157		2298632		3382
487		3187		2303352		3408
488		3180		2308072		3392
489		3144		2312792		3386
490		3196		2317512		3384
491		3162		2322232		3406
492		3088		2326952		3427
493		3116		2331672		3413
494		3118		2336392		3419
495		3142		2341112		3403
496		3179		2345831		3413
497		3138		2350551		3413
498		3189		2355271		3403
499		3205		2359991		3396
