# Migration is number of nodes that have changed color.

Round		Edge-Cut		Swaps		Migrations		Skipped
0		8775		4636		3078
1		7945		9204		3075
2		7435		13709		3123
3		6948		18196		3175
4		6703		22669		3156
5		6362		27125		3147
6		6114		31567		3150
7		5925		35993		3197
8		5790		40416		3163
9		5555		44819		3196
10		5388		49203		3197
11		5215		53611		3173
12		5039		58015		3190
13		4939		62419		3221
14		4789		66776		3223
15		4760		71156		3215
16		4699		75582		3239
17		4538		79956		3275
18		4494		84348		3262
19		4369		88739		3234
20		4311		93134		3234
21		4270		97487		3262
22		4224		101834		3230
23		4079		106198		3242
24		4030		110563		3245
25		4018		114954		3235
26		4004		119365		3235
27		3980		123702		3248
28		3973		128076		3263
29		3937		132418		3247
30		3890		136772		3235
31		3849		141140		3248
32		3817		145511		3234
33		3793		149866		3244
34		3742		154251		3258
35		3741		158639		3245
36		3678		163015		3256
37		3624		167369		3243
38		3599		171759		3240
39		3592		176098		3226
40		3529		180456		3224
41		3505		184827		3237
42		3412		189168		3239
43		3417		193523		3256
44		3416		197882		3242
45		3384		202257		3258
46		3315		206621		3270
47		3312		211001		3259
48		3264		215386		3259
49		3209		219734		3265
50		3144		224046		3264
51		3097		228427		3271
52		3093		232771		3266
53		3064		237153		3264
54		3051		241509		3265
55		3064		245876		3263
56		3026		250223		3260
57		3004		254561		3259
58		2997		258918		3274
59		2989		263316		3250
60		2983		267661		3283
61		3047		272028		3283
62		2999		276387		3283
63		2993		280753		3275
64		2981		285100		3290
65		2946		289452		3293
66		2929		293798		3307
67		2895		298174		3299
68		2897		302504		3324
69		2934		306885		3300
70		2897		311257		3286
71		2886		315617		3308
72		2876		319982		3297
73		2846		324355		3312
74		2855		328713		3297
75		2833		333057		3293
76		2818		337456		3301
77		2809		341824		3300
78		2742		346174		3303
79		2752		350517		3309
80		2745		354878		3292
81		2732		359281		3298
82		2753		363657		3313
83		2722		368012		3315
84		2717		372384		3306
85		2723		376743		3315
86		2719		381120		3309
87		2712		385503		3303
88		2729		389850		3322
89		2706		394234		3311
90		2702		398609		3329
91		2676		402978		3317
92		2685		407356		3308
93		2652		411763		3306
94		2628		416124		3297
95		2629		420478		3328
96		2608		424868		3318
97		2583		429242		3333
98		2591		433593		3330
99		2580		438000		3320
100		2568		442357		3312
101		2552		446701		3321
102		2543		451077		3303
103		2530		455413		3317
104		2549		459783		3311
105		2558		464149		3316
106		2573		468499		3330
107		2518		472878		3310
108		2524		477264		3310
109		2529		481630		3316
110		2477		485999		3334
111		2484		490373		3310
112		2484		494761		3315
113		2473		499122		3333
114		2490		503474		3306
115		2496		507873		3350
116		2479		512268		3339
117		2441		516655		3346
118		2486		521028		3324
119		2443		525392		3353
120		2454		529763		3342
121		2439		534137		3334
122		2403		538508		3328
123		2399		542865		3324
124		2380		547224		3323
125		2389		551571		3326
126		2402		555938		3312
127		2371		560321		3318
128		2364		564684		3314
129		2393		569048		3335
130		2429		573430		3326
131		2404		577816		3326
132		2398		582196		3316
133		2413		586564		3317
134		2370		590935		3313
135		2398		595300		3334
136		2402		599672		3327
137		2390		604039		3343
138		2402		608403		3321
139		2411		612769		3325
140		2391		617112		3330
141		2391		621481		3327
142		2360		625881		3328
143		2347		630270		3309
144		2345		634661		3324
145		2318		639021		3335
146		2315		643360		3331
147		2303		647735		3345
148		2292		652090		3334
149		2281		656471		3329
150		2268		660874		3319
151		2276		665264		3340
152		2278		669631		3339
153		2307		674029		3337
154		2314		678436		3326
155		2264		682850		3351
156		2244		687245		3341
157		2256		691616		3337
158		2231		695974		3359
159		2226		700334		3359
160		2210		704718		3344
161		2208		709068		3350
162		2176		713414		3354
163		2156		717812		3360
164		2129		722190		3359
165		2126		726566		3360
166		2165		730940		3358
167		2142		735342		3363
168		2130		739746		3366
169		2121		744142		3351
170		2129		748504		3340
171		2154		752870		3345
172		2166		757250		3338
173		2162		761636		3361
174		2152		766011		3347
175		2124		770380		3346
176		2151		774750		3343
177		2148		779110		3351
178		2160		783469		3355
179		2114		787855		3357
180		2109		792217		3353
181		2103		796598		3357
182		2097		800960		3351
183		2095		805333		3353
184		2098		809694		3355
185		2093		814051		3356
186		2125		818445		3354
187		2107		822827		3357
188		2116		827198		3370
189		2105		831583		3355
190		2082		835944		3352
191		2096		840325		3347
192		2106		844697		3345
193		2069		849073		3351
194		2095		853454		3342
195		2105		857850		3347
196		2121		862227		3353
197		2131		866593		3343
198		2094		870992		3349
199		2115		875380		3343
200		2093		879729		3342
201		2093		884104		3340
202		2078		888465		3359
203		2076		892826		3362
204		2077		897168		3355
205		2095		901555		3371
206		2112		905937		3352
207		2098		910301		3356
208		2124		914696		3367
209		2053		919092		3355
210		2053		923470		3363
211		2089		927837		3359
212		2076		932233		3367
213		2074		936632		3365
214		2074		941006		3358
215		2073		945376		3367
216		2079		949768		3366
217		2079		954146		3348
218		2089		958544		3340
219		2085		962957		3342
220		2090		967346		3348
221		2098		971801		3349
222		2082		976179		3354
223		2085		980535		3349
224		2070		984891		3345
225		2077		989292		3345
226		2067		993699		3344
227		2082		998105		3354
228		2042		1002495		3357
229		2073		1006904		3341
230		2057		1011320		3337
231		2053		1015700		3349
232		2061		1020109		3363
233		2048		1024517		3366
234		2023		1028916		3351
235		2031		1033328		3362
236		2025		1037715		3356
237		2023		1042095		3354
238		2026		1046468		3358
239		2011		1050862		3358
240		1995		1055248		3359
241		2023		1059624		3344
242		2046		1063982		3354
243		2008		1068338		3363
244		2032		1072738		3357
245		2044		1077156		3344
246		1999		1081531		3359
247		2002		1085922		3357
248		1997		1090296		3361
249		1976		1094656		3362
250		1968		1099015		3363
251		1962		1103433		3351
252		1948		1107802		3359
253		1946		1112186		3369
254		1915		1116579		3372
255		1929		1120979		3359
256		1927		1125352		3344
257		1929		1129739		3347
258		1946		1134108		3360
259		1944		1138459		3356
260		1912		1142850		3359
261		1886		1147243		3350
262		1942		1151599		3367
263		1926		1155973		3369
264		1928		1160325		3358
265		1925		1164705		3363
266		1903		1169092		3367
267		1906		1173455		3373
268		1868		1177835		3384
269		1871		1182189		3382
270		1872		1186583		3372
271		1880		1190945		3372
272		1879		1195351		3372
273		1872		1199760		3372
274		1867		1204132		3367
275		1891		1208526		3371
276		1906		1212920		3383
277		1901		1217297		3359
278		1878		1221701		3372
279		1869		1226075		3365
280		1877		1230446		3361
281		1867		1234849		3366
282		1895		1239226		3356
283		1885		1243627		3377
284		1906		1247989		3357
285		1889		1252361		3380
286		1889		1256730		3363
287		1884		1261109		3366
288		1878		1265506		3360
289		1895		1269883		3350
290		1886		1274245		3347
291		1868		1278648		3374
292		1874		1283004		3352
293		1860		1287407		3352
294		1860		1291785		3354
295		1844		1296158		3354
296		1854		1300531		3355
297		1871		1304933		3356
298		1845		1309330		3355
299		1839		1313741		3368
300		1832		1318125		3351
301		1809		1322501		3359
302		1799		1326861		3364
303		1794		1331235		3341
304		1803		1335596		3355
305		1789		1339946		3348
306		1774		1344325		3352
307		1804		1348717		3344
308		1838		1353109		3357
309		1822		1357492		3367
310		1803		1361872		3367
311		1792		1366284		3370
312		1801		1370696		3374
313		1811		1375093		3372
314		1796		1379460		3361
315		1783		1383839		3352
316		1770		1388211		3357
317		1788		1392592		3356
318		1781		1396987		3352
319		1785		1401388		3345
320		1783		1405774		3352
321		1795		1410172		3358
322		1803		1414562		3365
323		1762		1418957		3360
324		1744		1423324		3352
325		1769		1427735		3356
326		1762		1432118		3366
327		1765		1436484		3363
328		1774		1440876		3346
329		1761		1445243		3357
330		1745		1449616		3360
331		1752		1453959		3364
332		1761		1458327		3373
333		1767		1462715		3370
334		1758		1467104		3363
335		1764		1471499		3366
336		1782		1475902		3363
337		1762		1480284		3361
338		1764		1484683		3360
339		1750		1489058		3363
340		1749		1493462		3366
341		1724		1497857		3371
342		1693		1502248		3361
343		1703		1506608		3359
344		1692		1511017		3377
345		1701		1515397		3368
346		1701		1519775		3374
347		1694		1524185		3370
348		1694		1528588		3364
349		1697		1532963		3371
350		1730		1537340		3366
351		1718		1541701		3373
352		1705		1546077		3373
353		1715		1550447		3376
354		1722		1554841		3365
355		1734		1559254		3364
356		1744		1563653		3367
357		1724		1568043		3363
358		1735		1572408		3376
359		1709		1576803		3362
360		1727		1581209		3353
361		1712		1585585		3370
362		1722		1589979		3358
363		1708		1594406		3366
364		1731		1598789		3351
365		1724		1603172		3368
366		1737		1607538		3362
367		1727		1611929		3352
368		1724		1616317		3353
369		1737		1620736		3362
370		1712		1625156		3361
371		1705		1629521		3359
372		1706		1633935		3363
373		1718		1638311		3351
374		1722		1642714		3362
375		1705		1647085		3354
376		1705		1651473		3355
377		1730		1655855		3374
378		1706		1660254		3345
379		1736		1664616		3347
380		1734		1668992		3365
381		1749		1673407		3366
382		1735		1677784		3365
383		1760		1682177		3352
384		1754		1686585		3344
385		1740		1690984		3353
386		1739		1695373		3360
387		1742		1699792		3368
388		1717		1704189		3348
389		1713		1708569		3353
390		1702		1712927		3373
391		1717		1717311		3363
392		1713		1721712		3371
393		1698		1726129		3350
394		1689		1730534		3364
395		1705		1734938		3347
396		1701		1739309		3359
397		1700		1743692		3365
398		1709		1748093		3372
399		1694		1752507		3357
400		1695		1756856		3362
401		1728		1761251		3369
402		1702		1765656		3349
403		1701		1770059		3361
404		1690		1774460		3361
405		1694		1778856		3366
406		1688		1783252		3366
407		1699		1787652		3342
408		1686		1792021		3363
409		1680		1796399		3365
410		1683		1800807		3376
411		1677		1805214		3376
412		1680		1809625		3370
413		1663		1814003		3373
414		1665		1818387		3364
415		1639		1822763		3374
416		1629		1827162		3368
417		1648		1831557		3368
418		1640		1835957		3365
419		1625		1840367		3374
420		1630		1844788		3371
421		1641		1849181		3362
422		1650		1853586		3367
423		1651		1857979		3368
424		1631		1862377		3370
425		1655		1866763		3366
426		1642		1871147		3361
427		1647		1875528		3384
428		1636		1879917		3375
429		1626		1884297		3379
430		1628		1888714		3372
431		1612		1893107		3371
432		1640		1897485		3375
433		1637		1901886		3365
434		1642		1906288		3383
435		1622		1910669		3368
436		1622		1915032		3372
437		1633		1919456		3383
438		1641		1923848		3367
439		1628		1928251		3379
440		1636		1932655		3374
441		1660		1937032		3373
442		1672		1941397		3367
443		1656		1945797		3364
444		1649		1950183		3375
445		1659		1954558		3379
446		1645		1958936		3370
447		1626		1963330		3368
448		1646		1967753		3360
449		1620		1972169		3374
450		1640		1976585		3378
451		1628		1980986		3368
452		1657		1985383		3375
453		1641		1989751		3380
454		1647		1994182		3374
455		1642		1998560		3384
456		1635		2002956		3395
457		1653		2007363		3384
458		1625		2011780		3385
459		1610		2016183		3383
460		1597		2020560		3394
461		1605		2024956		3389
462		1613		2029350		3363
463		1608		2033724		3383
464		1631		2038073		3384
465		1593		2042419		3377
466		1596		2046809		3375
467		1594		2051191		3377
468		1587		2055589		3380
469		1581		2059978		3388
470		1598		2064350		3385
471		1583		2068744		3386
472		1591		2073128		3384
473		1593		2077494		3388
474		1565		2081886		3388
475		1567		2086278		3384
476		1551		2090655		3367
477		1545		2095040		3372
478		1540		2099441		3364
479		1543		2103834		3367
480		1538		2108229		3359
481		1561		2112629		3378
482		1581		2117042		3372
483		1557		2121388		3389
484		1558		2125785		3371
485		1555		2130198		3372
486		1560		2134615		3378
487		1558		2139007		3380
488		1592		2143394		3377
489		1570		2147742		3372
490		1582		2152126		3361
491		1587		2156516		3374
492		1551		2160882		3362
493		1564		2165300		3372
494		1572		2169662		3385
495		1576		2174039		3394
496		1582		2178434		3376
497		1566		2182823		3370
498		1574		2187203		3370
499		1573		2191587		3376
500		1600		2195981		3376
501		1616		2200350		3375
502		1597		2204732		3366
503		1600		2209121		3364
504		1613		2213494		3375
505		1612		2217866		3373
506		1613		2222263		3372
507		1617		2226638		3371
508		1626		2231013		3366
509		1603		2235441		3373
510		1591		2239849		3351
511		1592		2244242		3350
512		1581		2248638		3363
513		1607		2253024		3368
514		1603		2257418		3367
515		1620		2261803		3374
516		1602		2266176		3366
517		1603		2270567		3370
518		1599		2274969		3373
519		1618		2279388		3363
520		1595		2283751		3364
521		1588		2288143		3366
522		1586		2292531		3376
523		1595		2296899		3373
524		1593		2301286		3371
525		1604		2305655		3363
526		1618		2310067		3371
527		1625		2314468		3370
528		1621		2318885		3372
529		1600		2323264		3349
530		1584		2327655		3368
531		1570		2332042		3365
532		1570		2336427		3367
533		1570		2340795		3377
534		1562		2345209		3369
535		1560		2349568		3361
536		1557		2353983		3374
537		1555		2358397		3373
538		1529		2362791		3373
539		1554		2367188		3366
540		1563		2371603		3368
541		1583		2375990		3370
542		1548		2380380		3381
543		1537		2384790		3375
544		1554		2389166		3368
545		1578		2393563		3368
546		1578		2397955		3394
547		1580		2402365		3389
548		1589		2406746		3388
549		1562		2411107		3377
550		1576		2415504		3393
551		1550		2419898		3399
552		1566		2424298		3396
553		1562		2428680		3385
554		1554		2433070		3366
555		1601		2437434		3368
556		1590		2441838		3358
557		1579		2446216		3379
558		1566		2450632		3374
559		1540		2455035		3379
560		1526		2459433		3372
561		1527		2463858		3373
562		1515		2468246		3374
563		1534		2472653		3378
564		1545		2477041		3360
565		1539		2481462		3354
566		1545		2485869		3365
567		1542		2490260		3357
568		1558		2494666		3364
569		1546		2499071		3361
570		1535		2503494		3371
571		1543		2507897		3360
572		1525		2512275		3374
573		1503		2516657		3366
574		1533		2521072		3369
575		1522		2525444		3374
576		1534		2529842		3392
577		1544		2534192		3379
578		1526		2538571		3385
579		1516		2542996		3388
580		1527		2547355		3382
581		1544		2551771		3375
582		1520		2556172		3379
583		1506		2560548		3394
584		1500		2564938		3385
585		1511		2569305		3386
586		1522		2573692		3380
587		1520		2578077		3376
588		1552		2582490		3392
589		1541		2586874		3381
590		1537		2591286		3398
591		1526		2595683		3385
592		1552		2600073		3385
593		1569		2604451		3395
594		1562		2608819		3385
595		1572		2613198		3381
596		1541		2617602		3377
597		1564		2621995		3389
598		1536		2626396		3389
599		1578		2630750		3389
600		1578		2635178		3386
601		1581		2639570		3380
602		1591		2643997		3383
603		1605		2648384		3382
604		1588		2652783		3389
605		1573		2657172		3386
606		1596		2661567		3376
607		1574		2665964		3363
608		1605		2670367		3382
609		1586		2674763		3381
610		1563		2679178		3385
611		1548		2683600		3371
612		1541		2688008		3380
613		1528		2692382		3379
614		1538		2696799		3378
615		1543		2701206		3370
616		1540		2705600		3369
617		1547		2710014		3376
618		1519		2714419		3374
619		1527		2718821		3369
620		1516		2723219		3386
621		1509		2727647		3381
622		1521		2732046		3384
623		1520		2736426		3394
624		1521		2740809		3395
625		1529		2745219		3390
626		1539		2749620		3372
627		1541		2754004		3384
628		1531		2758391		3397
629		1537		2762786		3408
630		1531		2767201		3409
631		1543		2771583		3398
632		1501		2775965		3407
633		1538		2780373		3383
634		1550		2784781		3392
635		1535		2789194		3387
636		1550		2793570		3397
637		1540		2797952		3376
638		1540		2802347		3377
639		1540		2806759		3380
640		1520		2811171		3381
641		1540		2815568		3378
642		1530		2819955		3377
643		1525		2824354		3389
644		1506		2828723		3386
645		1506		2833116		3390
646		1489		2837500		3382
647		1480		2841874		3387
648		1483		2846288		3392
649		1500		2850650		3379
650		1519		2855030		3381
651		1497		2859394		3383
652		1528		2863775		3375
653		1523		2868212		3382
654		1511		2872584		3374
655		1510		2876978		3371
656		1498		2881379		3370
657		1519		2885759		3358
658		1510		2890172		3381
659		1503		2894590		3368
660		1514		2898984		3389
661		1521		2903396		3371
662		1525		2907776		3389
663		1519		2912167		3381
664		1524		2916565		3384
665		1513		2920965		3370
666		1541		2925361		3375
667		1522		2929748		3393
668		1485		2934143		3371
669		1493		2938542		3384
670		1476		2942923		3381
671		1475		2947288		3381
672		1467		2951664		3385
673		1482		2956090		3383
674		1475		2960502		3381
675		1509		2964927		3382
676		1482		2969315		3385
677		1492		2973705		3393
678		1475		2978124		3392
679		1471		2982516		3381
680		1468		2986885		3391
681		1491		2991252		3391
682		1483		2995660		3400
683		1480		3000070		3400
684		1479		3004462		3395
685		1499		3008848		3396
686		1490		3013237		3380
687		1471		3017624		3397
688		1480		3021989		3378
689		1469		3026379		3380
690		1438		3030789		3376
691		1441		3035194		3365
692		1439		3039604		3374
693		1460		3043993		3372
694		1453		3048380		3379
695		1446		3052789		3382
696		1446		3057183		3375
697		1448		3061586		3365
698		1443		3065995		3365
699		1449		3070405		3379
700		1470		3074822		3376
701		1469		3079242		3379
702		1450		3083638		3354
703		1445		3088033		3365
704		1477		3092424		3362
705		1454		3096807		3375
706		1459		3101192		3383
707		1460		3105608		3375
708		1451		3110028		3372
709		1432		3114433		3374
710		1451		3118824		3397
711		1457		3123252		3380
712		1454		3127660		3385
713		1482		3132037		3387
714		1477		3136428		3385
715		1469		3140820		3400
716		1440		3145230		3401
717		1451		3149631		3388
718		1433		3154000		3384
719		1454		3158393		3380
720		1437		3162788		3376
721		1439		3167210		3389
722		1460		3171605		3397
723		1473		3176002		3384
724		1465		3180428		3370
725		1480		3184816		3385
726		1479		3189227		3399
727		1484		3193618		3398
728		1455		3198011		3382
729		1459		3202388		3392
730		1458		3206774		3382
731		1463		3211171		3396
732		1452		3215586		3394
733		1472		3220003		3402
734		1451		3224413		3388
735		1461		3228792		3399
736		1461		3233176		3399
737		1454		3237586		3403
738		1451		3241990		3399
739		1435		3246380		3398
740		1428		3250755		3416
741		1420		3255133		3405
742		1417		3259505		3392
743		1410		3263892		3398
744		1429		3268269		3399
745		1427		3272654		3395
746		1423		3277063		3399
747		1410		3281455		3394
748		1392		3285889		3402
749		1402		3290265		3411
750		1405		3294678		3403
751		1416		3299071		3413
752		1388		3303471		3394
753		1392		3307902		3397
754		1389		3312293		3406
755		1393		3316703		3399
756		1384		3321086		3390
757		1378		3325465		3390
758		1381		3329863		3402
759		1386		3334259		3393
760		1381		3338665		3390
761		1397		3343093		3392
762		1389		3347502		3398
763		1391		3351922		3396
764		1403		3356317		3388
765		1388		3360708		3395
766		1368		3365119		3391
767		1400		3369536		3402
768		1393		3373930		3395
769		1422		3378308		3408
770		1422		3382690		3409
771		1421		3387069		3405
772		1427		3391460		3407
773		1421		3395879		3408
774		1415		3400290		3403
775		1421		3404684		3404
776		1417		3409085		3405
777		1423		3413482		3411
778		1410		3417864		3398
779		1399		3422246		3395
780		1394		3426627		3401
781		1405		3431049		3404
782		1369		3435451		3407
783		1395		3439846		3397
784		1411		3444264		3390
785		1384		3448666		3390
786		1389		3453071		3389
787		1391		3457472		3387
788		1407		3461860		3393
789		1378		3466265		3405
790		1388		3470655		3398
791		1397		3475028		3400
792		1391		3479441		3404
793		1385		3483824		3378
794		1379		3488202		3386
795		1373		3492586		3392
796		1373		3496996		3388
797		1382		3501387		3386
798		1382		3505807		3392
799		1390		3510181		3391
800		1368		3514590		3381
801		1368		3518985		3387
802		1350		3523373		3386
803		1355		3527749		3382
804		1337		3532180		3381
805		1366		3536550		3394
806		1345		3540931		3386
807		1355		3545339		3397
808		1355		3549740		3380
809		1366		3554119		3391
810		1375		3558503		3396
811		1350		3562911		3406
812		1339		3567307		3398
813		1346		3571710		3391
814		1363		3576105		3394
815		1353		3580495		3393
816		1330		3584922		3387
817		1347		3589292		3390
818		1336		3593693		3385
819		1355		3598081		3387
820		1351		3602467		3390
821		1344		3606874		3394
822		1322		3611273		3395
823		1348		3615677		3390
824		1347		3620067		3380
825		1340		3624472		3393
826		1330		3628844		3390
827		1326		3633248		3394
828		1335		3637638		3390
829		1348		3642043		3400
830		1324		3646408		3381
831		1329		3650799		3389
832		1336		3655221		3385
833		1350		3659611		3388
834		1358		3664021		3391
835		1343		3668379		3394
836		1326		3672757		3405
837		1347		3677161		3393
838		1345		3681567		3406
839		1355		3685982		3389
840		1346		3690411		3396
841		1360		3694789		3394
842		1374		3699200		3392
843		1371		3703618		3398
844		1373		3708035		3399
845		1418		3712438		3395
846		1392		3716831		3396
847		1384		3721208		3380
848		1417		3725589		3394
849		1419		3730002		3392
850		1447		3734395		3391
851		1411		3738790		3396
852		1394		3743178		3390
853		1390		3747561		3394
854		1402		3751971		3404
855		1379		3756298		3396
856		1386		3760695		3398
857		1404		3765103		3402
858		1426		3769504		3390
859		1417		3773885		3392
860		1414		3778280		3389
861		1416		3782661		3400
862		1397		3787074		3403
863		1383		3791480		3392
864		1385		3795894		3402
865		1369		3800280		3386
866		1360		3804675		3390
867		1381		3809075		3383
868		1377		3813513		3390
869		1388		3817903		3382
870		1384		3822329		3385
871		1371		3826741		3378
872		1377		3831134		3389
873		1378		3835547		3387
874		1389		3839959		3394
875		1390		3844364		3389
876		1378		3848781		3385
877		1374		3853159		3388
878		1375		3857549		3385
879		1380		3861929		3402
880		1373		3866335		3398
881		1396		3870741		3384
882		1389		3875159		3384
883		1391		3879564		3400
884		1415		3883954		3402
885		1404		3888350		3397
886		1400		3892739		3399
887		1398		3897140		3409
888		1413		3901534		3406
889		1428		3905938		3396
890		1402		3910344		3400
891		1380		3914743		3404
892		1361		3919137		3404
893		1351		3923510		3407
894		1364		3927938		3406
895		1371		3932351		3400
896		1369		3936776		3408
897		1378		3941178		3406
898		1362		3945585		3399
899		1384		3949989		3400
900		1401		3954376		3401
901		1394		3958802		3385
902		1392		3963174		3409
903		1407		3967586		3397
904		1397		3972001		3386
905		1416		3976424		3401
906		1409		3980819		3396
907		1397		3985206		3400
908		1413		3989588		3396
909		1419		3993998		3400
910		1420		3998404		3391
911		1385		4002772		3387
912		1423		4007164		3394
913		1434		4011561		3402
914		1438		4015944		3407
915		1415		4020332		3397
916		1411		4024746		3396
917		1406		4029160		3397
918		1390		4033583		3387
919		1401		4037993		3400
920		1394		4042354		3393
921		1383		4046812		3390
922		1409		4051211		3395
923		1391		4055611		3400
924		1392		4060009		3416
925		1410		4064425		3399
926		1416		4068847		3410
927		1386		4073242		3399
928		1411		4077657		3411
929		1385		4082073		3400
930		1396		4086468		3404
931		1387		4090844		3404
932		1370		4095251		3410
933		1374		4099666		3405
934		1412		4104046		3407
935		1408		4108448		3395
936		1400		4112834		3403
937		1396		4117224		3401
938		1413		4121605		3387
939		1413		4126040		3416
940		1418		4130421		3398
941		1424		4134784		3405
942		1418		4139177		3400
943		1399		4143566		3393
944		1390		4147949		3414
945		1400		4152339		3396
946		1378		4156738		3399
947		1369		4161141		3403
948		1384		4165508		3414
949		1386		4169920		3398
950		1352		4174339		3406
951		1355		4178763		3397
952		1383		4183176		3405
953		1385		4187562		3407
954		1423		4191963		3398
955		1395		4196355		3400
956		1417		4200746		3406
957		1413		4205170		3405
958		1394		4209553		3393
959		1396		4213952		3409
960		1396		4218358		3406
961		1419		4222746		3406
962		1399		4227135		3394
963		1399		4231553		3397
964		1380		4235921		3405
965		1394		4240298		3403
966		1398		4244677		3405
967		1372		4249073		3393
968		1365		4253482		3395
969		1367		4257868		3406
970		1372		4262275		3393
971		1376		4266679		3397
972		1349		4271100		3397
973		1355		4275530		3405
974		1367		4279935		3404
975		1368		4284355		3403
976		1362		4288763		3419
977		1366		4293151		3419
978		1382		4297533		3406
979		1381		4301921		3404
980		1382		4306309		3401
981		1366		4310712		3378
982		1361		4315131		3389
983		1355		4319496		3394
984		1371		4323874		3411
985		1384		4328264		3412
986		1381		4332653		3407
987		1369		4337049		3410
988		1374		4341452		3409
989		1395		4345840		3415
990		1383		4350223		3406
991		1367		4354642		3396
992		1373		4359048		3401
993		1379		4363458		3416
994		1388		4367862		3407
995		1380		4372273		3403
996		1379		4376693		3406
997		1389		4381059		3411
998		1387		4385425		3406
999		1393		4389828		3394
