# Migration is number of nodes that have changed color.

Round		Edge-Cut		Swaps		Migrations		Skipped
0		9071		4693		3106
1		8531		9366		3196
2		8270		14034		3325
3		8109		18665		3346
4		7889		23317		3304
5		7758		27980		3375
6		7613		32625		3375
7		7484		37273		3317
8		7366		41901		3383
9		7366		46541		3343
10		7289		51153		3436
11		7163		55781		3396
12		7155		60399		3391
13		7112		65031		3393
14		7007		69655		3465
15		6953		74286		3433
16		6856		78922		3422
17		6809		83539		3392
18		6930		88138		3442
19		6859		92753		3405
20		6882		97348		3438
21		6768		101960		3443
22		6728		106581		3432
23		6709		111192		3436
24		6727		115799		3463
25		6744		120417		3477
26		6818		125037		3498
27		6622		129635		3452
28		6668		134236		3455
29		6631		138848		3443
30		6468		143446		3438
31		6488		148047		3467
32		6461		152642		3472
33		6576		157256		3496
34		6451		161862		3465
35		6485		166477		3479
36		6495		171072		3455
37		6419		175671		3509
38		6347		180274		3489
39		6481		184888		3443
40		6519		189480		3503
41		6497		194095		3499
42		6404		198714		3463
43		6504		203325		3500
44		6535		207912		3483
45		6439		212510		3511
46		6323		217113		3513
47		6386		221720		3491
48		6314		226324		3464
49		6275		230926		3442
50		6299		235532		3477
51		6361		240151		3439
52		6289		244745		3520
53		6255		249344		3491
54		6268		253955		3456
55		6221		258555		3508
56		6289		263189		3429
57		6251		267792		3465
58		6235		272385		3459
59		6126		276987		3429
60		6165		281563		3431
61		6180		286173		3475
62		6270		290764		3437
63		6166		295355		3496
64		6214		299949		3491
65		6205		304550		3404
66		6260		309157		3404
67		6236		313771		3425
68		6243		318378		3435
69		6204		322977		3434
70		6056		327557		3466
71		6183		332170		3486
72		6227		336792		3484
73		6227		341402		3493
74		6200		345997		3473
75		6279		350600		3519
76		6164		355224		3491
77		6234		359812		3504
78		6038		364407		3491
79		6072		368996		3487
80		6066		373576		3497
81		6119		378173		3480
82		6051		382781		3518
83		6057		387365		3508
84		5975		391966		3487
85		5988		396551		3505
86		5933		401146		3468
87		5953		405734		3484
88		5947		410324		3489
89		5969		414909		3483
90		6057		419488		3488
91		5979		424074		3495
92		6010		428659		3474
93		5981		433245		3466
94		5976		437843		3479
95		6017		442434		3471
96		5968		447030		3509
97		5924		451615		3474
98		5856		456200		3514
99		5812		460769		3495
100		5827		465346		3496
101		5929		469947		3544
102		5892		474539		3487
103		5868		479118		3511
104		5849		483722		3523
105		5766		488307		3494
106		5814		492909		3535
107		5708		497493		3518
108		5710		502069		3482
109		5871		506653		3493
110		5850		511231		3490
111		5881		515815		3506
112		5859		520381		3450
113		5674		524958		3507
114		5815		529532		3524
115		5840		534120		3536
116		5886		538704		3478
117		5737		543278		3521
118		5861		547855		3557
119		5862		552423		3525
120		5895		557021		3500
121		5936		561601		3514
122		5770		566184		3540
123		5791		570768		3543
124		5919		575348		3572
125		6015		579934		3509
126		5986		584530		3475
127		5849		589119		3456
128		5877		593700		3509
129		5808		598298		3519
130		5670		602905		3504
131		5747		607478		3519
132		5782		612066		3480
133		5784		616649		3515
134		5850		621210		3549
135		5741		625796		3532
136		5666		630377		3510
137		5819		634968		3477
138		5792		639564		3491
139		5781		644150		3508
140		5693		648733		3551
141		5692		653306		3510
142		5809		657876		3512
143		5781		662465		3496
144		5708		667058		3479
145		5858		671634		3531
146		5752		676212		3513
147		5821		680779		3532
148		5730		685391		3506
149		5909		689972		3550
150		5891		694556		3522
151		5807		699157		3484
152		5776		703741		3521
153		5814		708354		3532
154		5687		712928		3478
155		5786		717516		3489
156		5804		722101		3507
157		5800		726690		3508
158		5825		731282		3519
159		5856		735862		3492
160		5776		740435		3508
161		5860		745030		3561
162		5869		749627		3530
163		5787		754233		3516
164		5844		758802		3520
165		5886		763392		3494
166		5786		767971		3519
167		5817		772564		3495
168		5811		777162		3499
169		5821		781750		3533
170		5849		786347		3481
171		5842		790941		3520
172		5794		795552		3524
173		5736		800149		3528
174		5757		804710		3555
175		5801		809299		3507
176		5803		813884		3495
177		5812		818469		3483
178		5887		823038		3473
179		5880		827632		3493
180		5811		832220		3507
181		5848		836796		3496
182		5864		841377		3467
183		5665		845978		3499
184		5680		850568		3501
185		5714		855150		3533
186		5636		859736		3518
187		5659		864312		3527
188		5634		868905		3544
189		5747		873496		3487
190		5827		878072		3541
191		5827		882655		3529
192		5878		887239		3511
193		5689		891826		3500
194		5690		896410		3500
195		5717		900993		3514
196		5696		905590		3540
197		5560		910161		3531
198		5651		914750		3463
199		5741		919338		3453
200		5571		923914		3456
201		5625		928475		3495
202		5562		933045		3523
203		5632		937624		3532
204		5615		942194		3499
205		5652		946783		3547
206		5646		951381		3505
207		5661		955962		3505
208		5719		960546		3498
209		5822		965128		3542
210		5822		969711		3501
211		5800		974313		3539
212		5856		978891		3512
213		5883		983465		3483
214		5820		988047		3476
215		5799		992654		3508
216		5765		997236		3493
217		5837		1001836		3484
218		5765		1006418		3488
219		5704		1010993		3514
220		5734		1015588		3495
221		5712		1020164		3536
222		5749		1024731		3472
223		5788		1029328		3543
224		5807		1033916		3540
225		5696		1038510		3531
226		5725		1043094		3513
227		5679		1047666		3491
228		5676		1052269		3549
229		5670		1056827		3507
230		5616		1061403		3547
231		5705		1065990		3518
232		5691		1070573		3508
233		5633		1075160		3527
234		5609		1079712		3476
235		5633		1084294		3499
236		5566		1088863		3493
237		5592		1093432		3493
238		5613		1098022		3502
239		5674		1102605		3515
240		5589		1107170		3510
241		5630		1111741		3496
242		5728		1116322		3476
243		5684		1120880		3504
244		5748		1125458		3488
245		5773		1130047		3466
246		5830		1134628		3509
247		5621		1139221		3495
248		5614		1143795		3475
249		5607		1148398		3488
250		5637		1152990		3491
251		5665		1157569		3483
252		5744		1162169		3505
253		5697		1166751		3483
254		5688		1171319		3524
255		5471		1175906		3533
256		5565		1180483		3515
257		5598		1185052		3525
258		5611		1189638		3478
259		5654		1194223		3541
260		5668		1198801		3492
261		5624		1203382		3503
262		5609		1207975		3484
263		5569		1212550		3489
264		5650		1217135		3487
265		5528		1221698		3528
266		5630		1226282		3534
267		5569		1230849		3514
268		5567		1235413		3551
269		5555		1239977		3498
270		5521		1244549		3483
271		5549		1249122		3492
272		5571		1253715		3469
273		5495		1258278		3485
274		5630		1262870		3511
275		5594		1267461		3524
276		5654		1272048		3544
277		5693		1276643		3517
278		5507		1281230		3509
279		5569		1285810		3489
280		5495		1290366		3500
281		5459		1294935		3499
282		5492		1299505		3491
283		5540		1304085		3504
284		5531		1308660		3528
285		5611		1313236		3532
286		5513		1317823		3505
287		5558		1322380		3520
288		5587		1326975		3521
289		5508		1331558		3501
290		5494		1336132		3481
291		5452		1340704		3493
292		5522		1345263		3505
293		5620		1349857		3500
294		5674		1354437		3520
295		5607		1358991		3502
296		5648		1363580		3477
297		5594		1368169		3539
298		5647		1372755		3480
299		5576		1377347		3534
300		5602		1381939		3481
301		5605		1386522		3558
302		5661		1391082		3500
303		5602		1395679		3472
304		5676		1400268		3491
305		5710		1404857		3518
306		5687		1409450		3469
307		5729		1414024		3497
308		5671		1418603		3476
309		5716		1423194		3504
310		5795		1427805		3446
311		5735		1432399		3484
312		5708		1436982		3493
313		5690		1441578		3449
314		5721		1446169		3516
315		5805		1450770		3535
316		5833		1455364		3540
317		5781		1459968		3486
318		5719		1464545		3514
319		5713		1469127		3521
320		5632		1473706		3554
321		5663		1478257		3551
322		5567		1482850		3528
323		5673		1487432		3543
324		5570		1492024		3510
325		5568		1496608		3553
326		5610		1501168		3548
327		5581		1505731		3503
328		5496		1510307		3551
329		5620		1514911		3531
330		5606		1519487		3543
331		5554		1524064		3530
332		5470		1528646		3538
333		5561		1533222		3476
334		5515		1537803		3525
335		5533		1542370		3525
336		5646		1546934		3504
337		5687		1551525		3490
338		5644		1556119		3500
339		5536		1560700		3509
340		5558		1565282		3510
341		5560		1569861		3500
342		5563		1574452		3538
343		5494		1579024		3488
344		5424		1583589		3489
345		5558		1588164		3510
346		5598		1592749		3497
347		5566		1597319		3500
348		5567		1601915		3535
349		5451		1606522		3522
350		5529		1611098		3507
351		5551		1615654		3516
352		5570		1620250		3513
353		5451		1624840		3548
354		5386		1629390		3523
355		5517		1633967		3487
356		5557		1638541		3508
357		5632		1643128		3561
358		5537		1647706		3542
359		5581		1652296		3588
360		5738		1656876		3519
361		5739		1661482		3556
362		5775		1666070		3537
363		5598		1670658		3496
364		5674		1675242		3518
365		5570		1679822		3444
366		5509		1684409		3508
367		5485		1689000		3528
368		5589		1693575		3518
369		5604		1698144		3500
370		5595		1702718		3544
371		5664		1707288		3507
372		5581		1711884		3501
373		5598		1716480		3504
374		5576		1721037		3522
375		5614		1725607		3534
376		5634		1730188		3491
377		5667		1734764		3514
378		5604		1739335		3473
379		5671		1743924		3528
380		5630		1748496		3539
381		5562		1753086		3510
382		5570		1757677		3502
383		5551		1762264		3521
384		5646		1766838		3518
385		5630		1771395		3516
386		5608		1775967		3520
387		5568		1780551		3511
388		5514		1785124		3492
389		5506		1789704		3540
390		5610		1794283		3519
391		5582		1798864		3513
392		5640		1803452		3506
393		5585		1808019		3496
394		5654		1812600		3508
395		5560		1817175		3497
396		5586		1821762		3500
397		5582		1826324		3501
398		5653		1830921		3501
399		5759		1835504		3482
400		5636		1840081		3537
401		5710		1844659		3506
402		5705		1849237		3503
403		5734		1853816		3523
404		5904		1858392		3510
405		5838		1862977		3495
406		5756		1867563		3459
407		5772		1872148		3483
408		5775		1876734		3538
409		5777		1881329		3520
410		5746		1885909		3554
411		5718		1890484		3522
412		5749		1895073		3484
413		5647		1899678		3490
414		5724		1904251		3548
415		5680		1908848		3476
416		5590		1913449		3466
417		5705		1918033		3487
418		5803		1922625		3517
419		5693		1927221		3473
420		5783		1931810		3509
421		5663		1936373		3498
422		5713		1940950		3549
423		5693		1945537		3580
424		5657		1950114		3537
425		5736		1954708		3536
426		5671		1959300		3548
427		5549		1963878		3526
428		5674		1968489		3520
429		5722		1973085		3532
430		5624		1977646		3515
431		5596		1982237		3552
432		5613		1986826		3522
433		5645		1991407		3536
434		5659		1995992		3522
435		5699		2000565		3507
436		5782		2005149		3485
437		5741		2009720		3519
438		5748		2014304		3560
439		5795		2018899		3504
440		5793		2023492		3523
441		5715		2028090		3494
442		5786		2032686		3529
443		5754		2037257		3531
444		5730		2041843		3477
445		5768		2046413		3523
446		5832		2051005		3540
447		5819		2055601		3547
448		5788		2060187		3538
449		5764		2064780		3583
450		5763		2069345		3565
451		5779		2073948		3585
452		5819		2078543		3557
453		5834		2083137		3516
454		5755		2087733		3523
455		5725		2092312		3559
456		5634		2096895		3501
457		5574		2101483		3509
458		5577		2106066		3498
459		5553		2110662		3532
460		5567		2115236		3512
461		5593		2119827		3522
462		5651		2124403		3517
463		5641		2128992		3465
464		5617		2133563		3485
465		5602		2138154		3507
466		5526		2142756		3520
467		5591		2147351		3489
468		5505		2151915		3548
469		5536		2156507		3540
470		5457		2161099		3511
471		5463		2165668		3526
472		5454		2170242		3556
473		5559		2174832		3524
474		5586		2179412		3551
475		5563		2183990		3588
476		5551		2188581		3551
477		5452		2193157		3554
478		5454		2197726		3545
479		5413		2202326		3557
480		5490		2206908		3561
481		5551		2211491		3519
482		5480		2216060		3550
483		5531		2220641		3529
484		5568		2225218		3557
485		5606		2229807		3542
486		5674		2234368		3515
487		5731		2238950		3514
488		5673		2243543		3535
489		5721		2248137		3500
490		5637		2252705		3515
491		5652		2257279		3539
492		5722		2261852		3528
493		5708		2266458		3562
494		5739		2271030		3533
495		5599		2275622		3544
496		5719		2280189		3514
497		5630		2284770		3521
498		5650		2289361		3533
499		5557		2293945		3503
500		5524		2298519		3527
501		5503		2303105		3525
502		5636		2307676		3514
503		5541		2312259		3515
504		5545		2316826		3537
505		5540		2321393		3508
506		5638		2325977		3528
507		5525		2330576		3516
508		5569		2335150		3498
509		5597		2339728		3528
510		5676		2344304		3488
511		5683		2348902		3545
512		5686		2353501		3524
513		5694		2358106		3505
514		5658		2362700		3507
515		5655		2367284		3504
516		5643		2371849		3545
517		5735		2376433		3535
518		5732		2381006		3517
519		5809		2385601		3555
520		5812		2390191		3515
521		5792		2394790		3491
522		5667		2399382		3509
523		5584		2403977		3494
524		5674		2408566		3548
525		5699		2413158		3522
526		5666		2417754		3558
527		5746		2422352		3512
528		5642		2426946		3523
529		5612		2431526		3523
530		5712		2436100		3510
531		5721		2440682		3530
532		5672		2445249		3502
533		5600		2449829		3523
534		5649		2454402		3490
535		5761		2459001		3533
536		5738		2463576		3490
537		5687		2468165		3480
538		5634		2472749		3494
539		5530		2477352		3525
540		5531		2481930		3505
541		5692		2486488		3520
542		5701		2491080		3509
543		5683		2495658		3490
544		5774		2500260		3524
545		5830		2504834		3546
546		5849		2509416		3503
547		5824		2514023		3570
548		5872		2518595		3564
549		5841		2523173		3551
550		5830		2527763		3562
551		5842		2532348		3506
552		5883		2536935		3532
553		5798		2541524		3553
554		5828		2546108		3544
555		5902		2550698		3469
556		5803		2555273		3517
557		5812		2559870		3508
558		5930		2564466		3530
559		5976		2569061		3515
560		5873		2573632		3517
561		5931		2578217		3510
562		5877		2582780		3555
563		5923		2587361		3551
564		5913		2591957		3501
565		5843		2596539		3549
566		5906		2601131		3545
567		5813		2605726		3513
568		5829		2610306		3499
569		5948		2614909		3539
570		5947		2619509		3561
571		5968		2624101		3506
572		6024		2628701		3505
573		5883		2633263		3511
574		5952		2637836		3512
575		5864		2642410		3561
576		5784		2646995		3490
577		5846		2651586		3520
578		5778		2656161		3510
579		5891		2660761		3509
580		5861		2665346		3506
581		5880		2669937		3483
582		5762		2674522		3549
583		5758		2679130		3554
584		5603		2683714		3552
585		5666		2688287		3495
586		5700		2692847		3481
587		5728		2697436		3496
588		5748		2702028		3501
589		5839		2706621		3526
590		5807		2711213		3540
591		5818		2715808		3494
592		5760		2720410		3515
593		5663		2724987		3505
594		5695		2729551		3539
595		5754		2734138		3562
596		5881		2738726		3525
597		5763		2743312		3545
598		5895		2747923		3521
599		5950		2752520		3539
600		5901		2757097		3542
601		5858		2761675		3531
602		5823		2766278		3500
603		6015		2770853		3534
604		5914		2775450		3555
605		5938		2780013		3553
606		5915		2784614		3518
607		5934		2789201		3547
608		5974		2793801		3578
609		5755		2798382		3534
610		5914		2802959		3545
611		5931		2807540		3529
612		5980		2812117		3542
613		5938		2816706		3535
614		5880		2821286		3523
615		5915		2825876		3535
616		5881		2830466		3545
617		5905		2835078		3529
618		5988		2839648		3539
619		5906		2844244		3533
620		5887		2848840		3518
621		5874		2853440		3542
622		5907		2858042		3517
623		5932		2862623		3548
624		5905		2867203		3499
625		5979		2871807		3515
626		5897		2876389		3540
627		5856		2880976		3572
628		5757		2885571		3538
629		5775		2890156		3587
630		5723		2894736		3565
631		5773		2899327		3541
632		5922		2903922		3518
633		5828		2908524		3490
634		5773		2913107		3517
635		5739		2917670		3497
636		5805		2922253		3512
637		5747		2926841		3500
638		5730		2931414		3488
639		5820		2936001		3504
640		5769		2940588		3507
641		5697		2945177		3500
642		5720		2949745		3505
643		5705		2954331		3480
644		5732		2958925		3502
645		5801		2963531		3484
646		5763		2968141		3487
647		5655		2972714		3514
648		5809		2977294		3471
649		5778		2981882		3515
650		5761		2986462		3518
651		5895		2991057		3516
652		5763		2995646		3530
653		5797		3000222		3518
654		5817		3004816		3508
655		5915		3009410		3506
656		5876		3013979		3521
657		5843		3018591		3531
658		5832		3023172		3569
659		5870		3027761		3538
660		5693		3032334		3560
661		5709		3036937		3517
662		5707		3041501		3536
663		5699		3046082		3526
664		5701		3050669		3536
665		5643		3055253		3483
666		5617		3059824		3551
667		5634		3064403		3550
668		5624		3068992		3560
669		5621		3073564		3584
670		5719		3078158		3562
671		5728		3082733		3561
672		5695		3087303		3560
673		5749		3091917		3567
674		5824		3096489		3544
675		5876		3101078		3558
676		5925		3105682		3536
677		5859		3110293		3547
678		5819		3114887		3587
679		5794		3119467		3555
680		5790		3124057		3561
681		5788		3128660		3558
682		5708		3133238		3568
683		5759		3137836		3559
684		5837		3142431		3573
685		5806		3147019		3538
686		5758		3151602		3589
687		5838		3156190		3584
688		5922		3160789		3554
689		5836		3165386		3541
690		5885		3169962		3534
691		5865		3174547		3532
692		5867		3179142		3571
693		5808		3183738		3563
694		5776		3188319		3517
695		5766		3192897		3552
696		5822		3197475		3566
697		5788		3202063		3565
698		5760		3206638		3608
699		5759		3211221		3555
700		5756		3215809		3596
701		5805		3220393		3553
702		5936		3224984		3559
703		5808		3229538		3511
704		5767		3234118		3547
705		5697		3238696		3557
706		5673		3243268		3554
707		5773		3247845		3614
708		5770		3252430		3584
709		5836		3257020		3574
710		5807		3261594		3555
711		5758		3266175		3549
712		5698		3270778		3576
713		5725		3275358		3562
714		5659		3279934		3525
715		5657		3284496		3538
716		5608		3289079		3549
717		5670		3293669		3572
718		5697		3298232		3581
719		5756		3302814		3551
720		5709		3307383		3557
721		5778		3311973		3590
722		5839		3316566		3580
723		5839		3321150		3568
724		5849		3325729		3589
725		5871		3330320		3574
726		5843		3334904		3548
727		5795		3339501		3528
728		5810		3344072		3565
729		5796		3348671		3523
730		5774		3353249		3503
731		5816		3357842		3527
732		5840		3362439		3547
733		5719		3367023		3547
734		5690		3371611		3535
735		5618		3376195		3550
736		5695		3380773		3550
737		5787		3385343		3544
738		5658		3389928		3482
739		5702		3394503		3508
740		5711		3399102		3540
741		5728		3403708		3575
742		5773		3408293		3567
743		5757		3412875		3531
744		5763		3417457		3543
745		5731		3422059		3558
746		5683		3426645		3577
747		5718		3431221		3575
748		5682		3435805		3536
749		5626		3440379		3537
750		5592		3444965		3517
751		5683		3449552		3543
752		5666		3454138		3524
753		5710		3458714		3548
754		5726		3463298		3571
755		5762		3467860		3561
756		5759		3472430		3551
757		5819		3477021		3544
758		5810		3481615		3510
759		5765		3486197		3559
760		5799		3490789		3571
761		5851		3495376		3550
762		5850		3499956		3583
763		5791		3504558		3525
764		5882		3509144		3550
765		5823		3513747		3571
766		5813		3518316		3537
767		5829		3522887		3542
768		5877		3527485		3562
769		5959		3532071		3516
770		5865		3536674		3587
771		5863		3541267		3573
772		5777		3545848		3585
773		5804		3550436		3577
774		5813		3555017		3556
775		5645		3559604		3591
776		5677		3564183		3583
777		5732		3568757		3583
778		5787		3573358		3579
779		5688		3577926		3549
780		5746		3582524		3542
781		5616		3587110		3550
782		5680		3591693		3541
783		5731		3596262		3560
784		5704		3600836		3572
785		5780		3605418		3586
786		5797		3610015		3587
787		5858		3614606		3562
788		5909		3619193		3590
789		5891		3623786		3586
790		5820		3628377		3646
791		5863		3632973		3570
792		5859		3637566		3602
793		5839		3642149		3551
794		5840		3646743		3558
795		5812		3651315		3543
796		5775		3655901		3561
797		5916		3660482		3548
798		5825		3665080		3548
799		5880		3669654		3520
800		5882		3674244		3537
801		5858		3678835		3538
802		5799		3683393		3524
803		5763		3687993		3517
804		5664		3692594		3553
805		5691		3697173		3544
806		5884		3701773		3501
807		5857		3706369		3509
808		5809		3710948		3516
809		5806		3715533		3546
810		5823		3720110		3545
811		5797		3724712		3567
812		5729		3729282		3578
813		5805		3733887		3511
814		5880		3738469		3509
815		5772		3743060		3519
816		5760		3747656		3527
817		5684		3752237		3556
818		5626		3756816		3547
819		5814		3761424		3553
820		5728		3766006		3528
821		5839		3770584		3535
822		5861		3775164		3539
823		5787		3779753		3507
824		5877		3784337		3537
825		5809		3788908		3548
826		5797		3793495		3507
827		5823		3798089		3523
828		5703		3802687		3530
829		5677		3807262		3501
830		5695		3811826		3552
831		5621		3816409		3503
832		5655		3820992		3541
833		5679		3825589		3514
834		5651		3830169		3542
835		5693		3834735		3556
836		5755		3839319		3584
837		5742		3843895		3553
838		5767		3848453		3578
839		5656		3853053		3590
840		5571		3857633		3516
841		5677		3862224		3572
842		5697		3866806		3541
843		5781		3871390		3551
844		5787		3875977		3548
845		5756		3880578		3568
846		5711		3885162		3571
847		5566		3889739		3579
848		5694		3894315		3570
849		5671		3898901		3506
850		5649		3903477		3521
851		5685		3908070		3559
852		5601		3912654		3601
853		5562		3917236		3535
854		5549		3921825		3580
855		5565		3926405		3547
856		5707		3930964		3510
857		5637		3935555		3514
858		5669		3940149		3568
859		5734		3944739		3558
860		5721		3949308		3545
861		5595		3953893		3553
862		5690		3958484		3541
863		5732		3963078		3592
864		5716		3967664		3530
865		5667		3972227		3547
866		5714		3976823		3549
867		5697		3981400		3528
868		5669		3985983		3529
869		5761		3990565		3574
870		5666		3995149		3559
871		5673		3999716		3564
872		5709		4004283		3553
873		5658		4008867		3578
874		5624		4013458		3554
875		5742		4018053		3537
876		5629		4022643		3554
877		5570		4027241		3533
878		5659		4031820		3539
879		5685		4036413		3557
880		5658		4041005		3556
881		5737		4045604		3565
882		5694		4050191		3534
883		5771		4054769		3560
884		5709		4059350		3531
885		5852		4063951		3512
886		5780		4068534		3574
887		5809		4073106		3550
888		5854		4077686		3579
889		5752		4082266		3529
890		5884		4086852		3565
891		5844		4091444		3571
892		5949		4096053		3541
893		5950		4100666		3518
894		5966		4105251		3518
895		5988		4109863		3523
896		5862		4114456		3566
897		5924		4119076		3553
898		5930		4123663		3532
899		5934		4128263		3539
900		5932		4132883		3518
901		5862		4137481		3524
902		6047		4142061		3557
903		5984		4146649		3556
904		5929		4151251		3539
905		5860		4155815		3515
906		5868		4160401		3510
907		5884		4165008		3542
908		5799		4169613		3543
909		5783		4174221		3565
910		5959		4178824		3534
911		5866		4183406		3582
912		5981		4187999		3538
913		5948		4192593		3571
914		5972		4197181		3549
915		5992		4201778		3484
916		5856		4206374		3543
917		5859		4210956		3540
918		5844		4215539		3533
919		5876		4220103		3546
920		5896		4224683		3524
921		5847		4229279		3530
922		5835		4233863		3506
923		5882		4238447		3513
924		5764		4243023		3484
925		5823		4247615		3549
926		5773		4252223		3543
927		5769		4256793		3589
928		5820		4261372		3547
929		5807		4265958		3555
930		5840		4270552		3506
931		5824		4275135		3516
932		5910		4279730		3493
933		5841		4284324		3512
934		5851		4288916		3541
935		5974		4293492		3540
936		5868		4298088		3489
937		5881		4302675		3560
938		5795		4307262		3550
939		5872		4311833		3552
940		5781		4316412		3531
941		5814		4320995		3531
942		5917		4325581		3576
943		5892		4330156		3533
944		5811		4334752		3557
945		5789		4339354		3522
946		5873		4343943		3553
947		5811		4348528		3518
948		5788		4353105		3540
949		5849		4357695		3584
950		5760		4362285		3541
951		5809		4366877		3528
952		5784		4371466		3574
953		5761		4376056		3587
954		5705		4380631		3588
955		5803		4385206		3567
956		5927		4389785		3563
957		5885		4394371		3542
958		5870		4398979		3577
959		5943		4403582		3546
960		5878		4408179		3514
961		5864		4412772		3556
962		5893		4417366		3541
963		5827		4421934		3558
964		5824		4426517		3544
965		5893		4431109		3503
966		5930		4435705		3601
967		5894		4440286		3542
968		5794		4444873		3507
969		5853		4449447		3552
970		5832		4454034		3548
971		5824		4458615		3480
972		5766		4463204		3553
973		5787		4467787		3553
974		5682		4472349		3562
975		5705		4476941		3525
976		5818		4481525		3544
977		5740		4486122		3529
978		5754		4490693		3534
979		5773		4495281		3539
980		5715		4499864		3533
981		5754		4504463		3574
982		5905		4509070		3572
983		5894		4513638		3557
984		5862		4518229		3564
985		5898		4522835		3564
986		5821		4527417		3512
987		5881		4532004		3518
988		6001		4536587		3565
989		6030		4541175		3527
990		6025		4545783		3541
991		5918		4550379		3569
992		5866		4554961		3568
993		5958		4559546		3530
994		5908		4564139		3568
995		6083		4568737		3541
996		6078		4573336		3532
997		6058		4577930		3530
998		6035		4582530		3524
999		5873		4587118		3544
