# Migration is number of nodes that have changed color.

Round		Edge-Cut		Swaps		Migrations		Skipped
0		8800		4660		3058
1		8008		9252		3141
2		7580		13826		3181
3		7285		18385		3187
4		6970		22914		3209
5		6719		27439		3200
6		6557		31950		3238
7		6337		36451		3244
8		6173		40940		3262
9		6154		45435		3276
10		5958		49920		3245
11		5903		54390		3247
12		5756		58887		3310
13		5623		63353		3270
14		5461		67833		3278
15		5457		72292		3304
16		5391		76764		3304
17		5290		81233		3319
18		5156		85699		3296
19		5063		90144		3315
20		4926		94616		3295
21		4872		99076		3277
22		4889		103498		3292
23		4864		107917		3303
24		4755		112367		3325
25		4705		116806		3328
26		4591		121250		3323
27		4522		125679		3326
28		4526		130102		3356
29		4501		134573		3336
30		4441		139026		3303
31		4386		143431		3338
32		4354		147857		3325
33		4306		152276		3337
34		4231		156709		3343
35		4152		161144		3323
36		4134		165563		3328
37		4145		170002		3349
38		4125		174456		3367
39		4087		178886		3332
40		4016		183308		3381
41		4044		187722		3371
42		3986		192142		3347
43		3927		196549		3373
44		3986		200959		3343
45		3892		205367		3347
46		3828		209797		3340
47		3779		214222		3337
48		3781		218659		3334
49		3806		223080		3336
50		3768		227491		3350
51		3788		231889		3360
52		3767		236302		3341
53		3774		240717		3355
54		3733		245139		3327
55		3721		249569		3354
56		3738		253957		3356
57		3720		258347		3369
58		3647		262759		3324
59		3680		267191		3326
60		3646		271606		3350
61		3628		276029		3344
62		3583		280449		3345
63		3585		284860		3338
64		3576		289248		3359
65		3564		293656		3362
66		3544		298061		3362
67		3533		302492		3350
68		3523		306916		3384
69		3549		311320		3395
70		3434		315723		3371
71		3419		320158		3380
72		3393		324582		3378
73		3320		329009		3373
74		3296		333389		3341
75		3276		337771		3357
76		3297		342180		3368
77		3284		346604		3355
78		3288		351038		3360
79		3320		355456		3327
80		3258		359915		3351
81		3281		364286		3351
82		3341		368695		3349
83		3295		373121		3327
84		3312		377572		3393
85		3256		381971		3369
86		3340		386397		3381
87		3300		390832		3361
88		3278		395247		3366
89		3279		399701		3356
90		3207		404127		3343
91		3211		408551		3352
92		3209		413001		3350
93		3166		417454		3336
94		3136		421844		3359
95		3140		426288		3377
96		3115		430698		3387
97		3088		435109		3367
98		3102		439524		3381
99		3049		443940		3349
100		3042		448375		3353
101		3029		452765		3370
102		3075		457149		3355
103		3096		461586		3347
104		2996		465979		3361
105		3045		470411		3363
106		2997		474858		3366
107		3035		479257		3375
108		3024		483679		3353
109		3133		488102		3373
110		3111		492515		3371
111		3057		496927		3386
112		3055		501345		3370
113		3037		505743		3381
114		3051		510155		3359
115		3042		514570		3368
116		3043		518953		3369
117		3072		523381		3377
118		3047		527810		3366
119		3000		532223		3366
120		2974		536650		3383
121		3023		541018		3363
122		3038		545463		3374
123		3030		549881		3365
124		3023		554337		3356
125		2982		558753		3378
126		2989		563183		3367
127		2968		567588		3383
128		2907		572024		3389
129		2908		576426		3353
130		2878		580853		3369
131		2895		585276		3381
132		2853		589690		3381
133		2849		594104		3380
134		2825		598519		3403
135		2820		602938		3384
136		2777		607326		3383
137		2778		611716		3378
138		2772		616124		3367
139		2699		620533		3366
140		2710		624981		3377
141		2725		629408		3372
142		2738		633838		3371
143		2699		638266		3373
144		2729		642687		3381
145		2733		647112		3400
146		2731		651499		3372
147		2725		655930		3388
148		2723		660338		3385
149		2726		664758		3386
150		2705		669195		3389
151		2704		673591		3389
152		2751		678024		3398
153		2704		682454		3402
154		2706		686861		3384
155		2689		691273		3392
156		2641		695704		3383
157		2654		700118		3389
158		2678		704531		3396
159		2672		708941		3384
160		2724		713369		3395
161		2685		717788		3391
162		2664		722185		3372
163		2599		726608		3388
164		2636		731011		3383
165		2670		735437		3396
166		2644		739887		3389
167		2665		744294		3384
168		2629		748728		3377
169		2640		753151		3388
170		2626		757562		3384
171		2609		761982		3398
172		2612		766407		3380
173		2664		770831		3396
174		2647		775277		3415
175		2664		779731		3407
176		2602		784137		3400
177		2565		788538		3375
178		2553		792952		3384
179		2579		797362		3394
180		2566		801753		3410
181		2592		806155		3408
182		2618		810564		3410
183		2649		814998		3395
184		2656		819435		3427
185		2645		823883		3406
186		2616		828278		3402
187		2604		832735		3378
188		2637		837151		3379
189		2617		841559		3413
190		2625		845939		3408
191		2672		850356		3399
192		2650		854769		3423
193		2596		859186		3431
194		2604		863608		3396
195		2608		868051		3408
196		2586		872464		3399
197		2566		876846		3394
198		2574		881261		3439
199		2596		885679		3429
200		2622		890098		3418
201		2573		894514		3400
202		2592		898931		3424
203		2568		903346		3400
204		2603		907768		3400
205		2594		912160		3424
206		2621		916594		3417
207		2568		921001		3421
208		2578		925403		3416
209		2523		929813		3416
210		2506		934211		3435
211		2500		938619		3426
212		2540		943049		3431
213		2526		947480		3430
214		2488		951932		3433
215		2482		956327		3416
216		2463		960732		3416
217		2467		965154		3416
218		2429		969541		3400
219		2467		973955		3416
220		2478		978389		3445
221		2439		982809		3424
222		2434		987240		3408
223		2434		991627		3398
224		2493		996057		3385
225		2446		1000446		3404
226		2490		1004869		3410
227		2497		1009264		3409
228		2502		1013695		3428
229		2510		1018127		3419
230		2539		1022557		3422
231		2509		1026986		3423
232		2564		1031418		3405
233		2563		1035870		3426
234		2505		1040299		3414
235		2465		1044705		3436
236		2476		1049129		3430
237		2465		1053536		3434
238		2447		1057968		3435
239		2401		1062404		3426
240		2412		1066816		3435
241		2408		1071230		3437
242		2419		1075659		3422
243		2405		1080098		3411
244		2419		1084520		3420
245		2439		1088929		3428
246		2460		1093358		3444
247		2464		1097762		3395
248		2411		1102161		3435
249		2437		1106588		3426
250		2415		1111032		3427
251		2408		1115450		3417
252		2439		1119888		3451
253		2432		1124334		3421
254		2445		1128778		3399
255		2404		1133185		3433
256		2429		1137601		3414
257		2426		1142033		3450
258		2404		1146445		3436
259		2387		1150852		3428
260		2415		1155280		3435
261		2407		1159753		3417
262		2345		1164170		3426
263		2346		1168571		3431
264		2372		1172980		3427
265		2375		1177383		3423
266		2354		1181789		3439
267		2328		1186195		3428
268		2320		1190623		3425
269		2309		1195045		3422
270		2287		1199447		3425
271		2261		1203866		3436
272		2250		1208289		3396
273		2255		1212738		3418
274		2282		1217157		3419
275		2269		1221571		3425
276		2290		1225994		3414
277		2292		1230439		3436
278		2329		1234866		3422
279		2352		1239290		3417
280		2370		1243743		3417
281		2384		1248147		3429
282		2368		1252571		3433
283		2307		1256987		3437
284		2326		1261422		3430
285		2270		1265799		3439
286		2273		1270229		3424
287		2274		1274620		3433
288		2226		1279058		3408
289		2249		1283493		3437
290		2264		1287925		3425
291		2277		1292345		3409
292		2254		1296753		3430
293		2239		1301158		3441
294		2230		1305594		3447
295		2234		1310021		3414
296		2169		1314459		3434
297		2203		1318861		3432
298		2196		1323271		3444
299		2219		1327654		3430
300		2185		1332074		3415
301		2199		1336501		3409
302		2209		1340914		3417
303		2172		1345325		3421
304		2211		1349756		3420
305		2223		1354166		3418
306		2234		1358569		3410
307		2250		1362987		3395
308		2246		1367413		3397
309		2212		1371828		3429
310		2203		1376256		3406
311		2235		1380689		3417
312		2209		1385115		3418
313		2210		1389539		3413
314		2175		1393971		3390
315		2141		1398403		3419
316		2129		1402808		3424
317		2098		1407242		3426
318		2122		1411681		3388
319		2131		1416084		3417
320		2165		1420488		3414
321		2157		1424887		3404
322		2180		1429264		3412
323		2242		1433699		3420
324		2152		1438126		3420
325		2148		1442548		3410
326		2187		1446954		3417
327		2142		1451382		3416
328		2166		1455792		3395
329		2164		1460192		3405
330		2146		1464600		3401
331		2192		1468971		3409
332		2230		1473397		3402
333		2227		1477783		3405
334		2237		1482240		3399
335		2208		1486637		3410
336		2258		1491074		3413
337		2211		1495497		3417
338		2230		1499927		3409
339		2244		1504360		3433
340		2225		1508811		3421
341		2250		1513216		3423
342		2226		1517658		3436
343		2214		1522073		3428
344		2196		1526521		3416
345		2168		1530949		3410
346		2155		1535339		3421
347		2149		1539767		3417
348		2161		1544188		3421
349		2116		1548597		3427
350		2108		1553014		3439
351		2090		1557440		3437
352		2105		1561863		3409
353		2135		1566281		3430
354		2148		1570702		3414
355		2168		1575137		3418
356		2141		1579549		3398
357		2107		1583990		3419
358		2131		1588417		3431
359		2149		1592863		3415
360		2142		1597285		3406
361		2143		1601713		3394
362		2122		1606151		3421
363		2087		1610602		3418
364		2054		1615026		3410
365		2086		1619442		3402
366		2062		1623831		3421
367		2056		1628225		3409
368		2071		1632651		3388
369		2107		1637073		3428
370		2120		1641490		3399
371		2119		1645902		3419
372		2119		1650320		3433
373		2127		1654739		3414
374		2119		1659145		3423
375		2119		1663562		3412
376		2074		1667982		3408
377		2094		1672403		3419
378		2107		1676831		3409
379		2144		1681271		3409
380		2090		1685693		3404
381		2053		1690118		3415
382		2064		1694553		3426
383		2086		1698974		3434
384		2098		1703376		3433
385		2098		1707778		3419
386		2092		1712191		3437
387		2107		1716625		3419
388		2095		1721071		3420
389		2084		1725511		3436
390		2082		1729930		3444
391		2071		1734338		3422
392		2061		1738739		3432
393		1991		1743175		3435
394		2031		1747607		3445
395		2064		1752025		3446
396		2016		1756440		3445
397		2011		1760844		3443
398		2021		1765262		3422
399		2022		1769661		3431
400		2002		1774088		3413
401		2010		1778519		3414
402		2007		1782916		3427
403		2015		1787358		3433
404		1980		1791745		3429
405		1964		1796166		3424
406		1978		1800597		3433
407		1980		1804996		3421
408		1979		1809434		3443
409		2009		1813835		3432
410		2002		1818255		3426
411		1960		1822691		3439
412		1981		1827089		3436
413		1987		1831477		3439
414		1980		1835884		3436
415		1970		1840298		3435
416		1946		1844730		3446
417		1933		1849162		3434
418		1938		1853579		3430
419		1940		1857969		3430
420		1973		1862364		3429
421		1998		1866805		3438
422		1997		1871208		3430
423		1991		1875609		3418
424		2064		1880028		3419
425		1992		1884450		3433
426		2033		1888870		3432
427		2020		1893312		3439
428		2040		1897715		3436
429		2044		1902131		3431
430		2083		1906534		3424
431		2029		1910959		3416
432		2018		1915375		3409
433		2045		1919815		3419
434		2029		1924245		3423
435		2012		1928689		3415
436		2012		1933109		3421
437		1995		1937526		3404
438		1993		1941937		3398
439		2009		1946354		3432
440		1967		1950789		3414
441		1965		1955220		3406
442		1963		1959637		3425
443		1995		1964068		3433
444		1999		1968470		3434
445		2000		1972919		3431
446		2011		1977330		3422
447		1989		1981766		3411
448		2009		1986152		3429
449		2013		1990585		3423
450		1991		1995024		3415
451		1995		1999466		3438
452		1977		2003934		3425
453		1938		2008326		3414
454		1941		2012759		3413
455		2000		2017179		3399
456		1987		2021609		3429
457		2000		2026013		3404
458		1965		2030430		3402
459		2004		2034883		3389
460		1995		2039315		3395
461		1999		2043712		3420
462		2054		2048149		3417
463		1991		2052554		3400
464		2009		2056975		3408
465		2004		2061381		3422
466		1989		2065797		3407
467		2028		2070214		3422
468		1959		2074612		3428
469		1958		2079016		3417
470		1991		2083449		3403
471		1980		2087841		3406
472		1983		2092278		3427
473		1986		2096682		3411
474		2024		2101102		3423
475		1959		2105519		3415
476		1984		2109919		3420
477		2048		2114314		3417
478		2083		2118721		3410
479		2019		2123149		3424
480		2029		2127556		3412
481		2079		2131986		3421
482		2063		2136419		3423
483		2055		2140852		3442
484		2044		2145308		3444
485		2018		2149719		3433
486		2036		2154133		3439
487		2025		2158563		3424
488		2051		2163011		3425
489		2093		2167431		3443
490		2050		2171843		3449
491		2000		2176286		3445
492		1967		2180721		3429
493		1993		2185165		3428
494		2004		2189558		3445
495		2017		2194002		3428
496		1991		2198432		3433
497		1995		2202869		3430
498		1969		2207289		3422
499		1977		2211732		3437
500		2009		2216135		3399
501		2016		2220580		3413
502		2033		2224996		3422
503		2020		2229415		3427
504		2051		2233857		3424
505		2021		2238292		3414
506		2044		2242700		3424
507		2050		2247111		3418
508		2043		2251564		3426
509		2028		2255967		3436
510		2020		2260380		3433
511		2005		2264821		3439
512		1987		2269295		3405
513		1951		2273718		3416
514		1954		2278126		3447
515		1967		2282553		3438
516		1966		2286990		3440
517		1979		2291404		3449
518		2007		2295835		3440
519		1956		2300253		3438
520		1978		2304669		3452
521		1978		2309101		3431
522		1970		2313528		3426
523		1968		2317968		3440
524		1956		2322368		3462
525		1903		2326778		3456
526		1948		2331185		3436
527		1956		2335607		3447
528		1943		2340049		3446
529		1961		2344436		3451
530		1955		2348861		3429
531		1986		2353296		3434
532		1965		2357701		3451
533		2002		2362141		3471
534		1961		2366565		3479
535		1981		2370978		3460
536		1991		2375422		3457
537		1970		2379850		3458
538		1956		2384277		3415
539		1996		2388686		3434
540		1944		2393128		3416
541		1932		2397536		3439
542		1942		2401961		3423
543		1959		2406383		3442
544		1966		2410819		3420
545		1978		2415271		3438
546		1985		2419745		3425
547		1980		2424169		3427
548		1938		2428596		3431
549		1960		2433011		3413
550		1897		2437438		3422
551		1897		2441863		3424
552		1924		2446295		3427
553		1919		2450709		3424
554		1919		2455135		3436
555		1922		2459562		3437
556		1903		2464001		3427
557		1901		2468430		3420
558		1898		2472843		3439
559		1956		2477263		3428
560		1932		2481683		3440
561		1933		2486116		3438
562		1953		2490524		3434
563		1996		2494964		3426
564		1969		2499390		3428
565		2026		2503830		3443
566		2008		2508279		3439
567		1991		2512720		3431
568		1981		2517145		3415
569		1957		2521565		3422
570		1978		2525972		3426
571		1988		2530389		3425
572		1966		2534818		3445
573		1957		2539260		3439
574		1924		2543690		3428
575		1909		2548103		3433
576		1887		2552536		3443
577		1876		2556985		3441
578		1863		2561391		3424
579		1844		2565809		3426
580		1873		2570221		3423
581		1874		2574647		3436
582		1863		2579058		3439
583		1850		2583485		3437
584		1837		2587912		3451
585		1796		2592318		3446
586		1829		2596701		3435
587		1849		2601139		3422
588		1810		2605593		3434
589		1886		2610037		3435
590		1825		2614477		3430
591		1853		2618922		3432
592		1816		2623350		3436
593		1819		2627773		3448
594		1846		2632213		3453
595		1834		2636650		3409
596		1818		2641062		3443
597		1806		2645462		3433
598		1790		2649891		3433
599		1806		2654317		3450
600		1867		2658718		3432
601		1838		2663144		3424
602		1838		2667556		3420
603		1832		2671965		3431
604		1839		2676376		3430
605		1879		2680823		3427
606		1913		2685268		3432
607		1891		2689714		3423
608		1889		2694157		3429
609		1859		2698577		3402
610		1822		2702981		3405
611		1851		2707394		3425
612		1844		2711823		3434
613		1877		2716229		3437
614		1894		2720629		3446
615		1881		2725032		3424
616		1872		2729471		3421
617		1845		2733900		3415
618		1867		2738344		3426
619		1866		2742793		3426
620		1885		2747237		3433
621		1834		2751636		3415
622		1848		2756078		3429
623		1804		2760509		3437
624		1816		2764920		3436
625		1828		2769310		3439
626		1819		2773722		3426
627		1794		2778152		3418
628		1817		2782562		3439
629		1802		2786987		3444
630		1839		2791395		3438
631		1844		2795831		3440
632		1817		2800254		3437
633		1795		2804656		3435
634		1768		2809066		3424
635		1778		2813482		3432
636		1840		2817900		3449
637		1872		2822321		3441
638		1864		2826748		3433
639		1866		2831157		3410
640		1886		2835589		3433
641		1890		2840022		3434
642		1882		2844428		3439
643		1879		2848843		3435
644		1893		2853254		3423
645		1888		2857659		3425
646		1824		2862070		3450
647		1826		2866535		3436
648		1833		2870936		3441
649		1815		2875359		3434
650		1790		2879770		3432
651		1750		2884187		3439
652		1751		2888629		3442
653		1751		2893081		3435
654		1741		2897518		3430
655		1780		2901926		3439
656		1792		2906335		3452
657		1814		2910757		3446
658		1788		2915200		3428
659		1806		2919615		3422
660		1777		2924050		3442
661		1783		2928478		3457
662		1805		2932896		3458
663		1811		2937313		3466
664		1834		2941705		3453
665		1827		2946147		3465
666		1834		2950560		3449
667		1849		2954989		3445
668		1815		2959391		3448
669		1819		2963809		3416
670		1801		2968235		3436
671		1791		2972660		3458
672		1803		2977073		3442
673		1770		2981491		3437
674		1779		2985924		3452
675		1790		2990359		3466
676		1777		2994798		3450
677		1757		2999222		3447
678		1710		3003633		3447
679		1735		3008063		3456
680		1776		3012467		3433
681		1769		3016911		3440
682		1755		3021340		3457
683		1772		3025739		3433
684		1763		3030175		3436
685		1765		3034579		3436
686		1794		3039019		3422
687		1763		3043431		3434
688		1750		3047855		3425
689		1769		3052315		3409
690		1757		3056737		3435
691		1708		3061157		3435
692		1695		3065581		3422
693		1663		3069985		3421
694		1688		3074441		3420
695		1757		3078853		3418
696		1729		3083243		3443
697		1749		3087708		3423
698		1739		3092116		3424
699		1746		3096557		3421
700		1725		3100978		3430
701		1771		3105383		3431
702		1794		3109819		3443
703		1777		3114245		3428
704		1757		3118670		3446
705		1747		3123095		3431
706		1748		3127521		3434
707		1763		3131989		3414
708		1755		3136448		3422
709		1729		3140855		3411
710		1707		3145303		3443
711		1710		3149760		3440
712		1685		3154175		3435
713		1681		3158605		3449
714		1688		3163005		3443
715		1743		3167420		3444
716		1742		3171848		3441
717		1767		3176279		3431
718		1733		3180720		3432
719		1751		3185168		3427
720		1712		3189561		3440
721		1751		3194017		3420
722		1757		3198462		3440
723		1730		3202901		3443
724		1736		3207316		3426
725		1685		3211752		3425
726		1644		3216190		3450
727		1658		3220608		3428
728		1679		3225025		3447
729		1672		3229443		3439
730		1691		3233862		3453
731		1713		3238285		3444
732		1695		3242708		3438
733		1708		3247116		3433
734		1724		3251565		3454
735		1722		3256004		3426
736		1698		3260436		3432
737		1699		3264867		3440
738		1708		3269298		3433
739		1713		3273740		3417
740		1688		3278169		3420
741		1673		3282602		3421
742		1705		3287014		3414
743		1660		3291444		3416
744		1695		3295839		3406
745		1746		3300254		3413
746		1739		3304665		3407
747		1733		3309103		3442
748		1744		3313535		3417
749		1738		3317945		3425
750		1745		3322348		3431
751		1667		3326784		3435
752		1707		3331194		3422
753		1722		3335621		3427
754		1691		3340056		3436
755		1745		3344481		3441
756		1709		3348914		3437
757		1720		3353350		3428
758		1682		3357784		3428
759		1692		3362218		3435
760		1715		3366642		3441
761		1752		3371049		3444
762		1719		3375464		3435
763		1690		3379855		3426
764		1704		3384255		3412
765		1706		3388674		3418
766		1771		3393117		3405
767		1757		3397516		3412
768		1735		3401943		3425
769		1723		3406341		3419
770		1702		3410769		3418
771		1743		3415208		3413
772		1728		3419640		3416
773		1662		3424061		3409
774		1703		3428454		3427
775		1717		3432863		3420
776		1658		3437309		3406
777		1646		3441729		3427
778		1622		3446156		3445
779		1627		3450608		3412
780		1642		3454994		3424
781		1652		3459425		3425
782		1638		3463851		3412
783		1672		3468256		3442
784		1629		3472662		3451
785		1590		3477095		3454
786		1617		3481496		3446
787		1613		3485922		3452
788		1608		3490341		3415
789		1669		3494751		3412
790		1622		3499182		3426
791		1640		3503615		3429
792		1656		3508043		3422
793		1613		3512480		3421
794		1599		3516944		3422
795		1621		3521374		3435
796		1643		3525790		3438
797		1606		3530219		3428
798		1626		3534630		3435
799		1633		3539055		3425
800		1578		3543490		3447
801		1607		3547896		3423
802		1632		3552295		3442
803		1653		3556694		3444
804		1652		3561141		3438
805		1685		3565547		3453
806		1643		3569970		3446
807		1631		3574391		3445
808		1702		3578811		3445
809		1669		3583208		3444
810		1686		3587639		3454
811		1662		3592071		3438
812		1703		3596485		3451
813		1710		3600899		3442
814		1652		3605350		3446
815		1637		3609792		3422
816		1640		3614201		3435
817		1611		3618619		3438
818		1626		3623053		3429
819		1592		3627478		3428
820		1618		3631913		3417
821		1632		3636377		3428
822		1626		3640840		3433
823		1645		3645280		3438
824		1638		3649687		3424
825		1665		3654116		3424
826		1640		3658532		3422
827		1683		3662961		3423
828		1686		3667376		3419
829		1675		3671804		3428
830		1647		3676225		3434
831		1666		3680652		3447
832		1627		3685092		3446
833		1638		3689502		3439
834		1637		3693943		3413
835		1645		3698383		3438
836		1646		3702807		3434
837		1612		3707243		3442
838		1631		3711649		3437
839		1622		3716077		3424
840		1640		3720520		3444
841		1647		3724928		3441
842		1648		3729336		3425
843		1636		3733743		3430
844		1669		3738190		3421
845		1682		3742617		3445
846		1673		3747042		3462
847		1671		3751479		3466
848		1681		3755900		3448
849		1661		3760287		3449
850		1650		3764705		3425
851		1666		3769137		3439
852		1688		3773566		3443
853		1702		3777995		3431
854		1678		3782440		3458
855		1683		3786876		3436
856		1667		3791308		3438
857		1670		3795743		3468
858		1723		3800186		3432
859		1747		3804600		3440
860		1729		3809032		3437
861		1693		3813479		3437
862		1692		3817930		3458
863		1686		3822373		3446
864		1727		3826796		3473
865		1753		3831219		3448
866		1715		3835654		3453
867		1686		3840100		3421
868		1720		3844528		3433
869		1700		3848955		3436
870		1748		3853387		3429
871		1762		3857825		3434
872		1773		3862253		3437
873		1725		3866694		3436
874		1723		3871151		3440
875		1722		3875581		3425
876		1711		3879996		3412
877		1671		3884442		3422
878		1688		3888877		3449
879		1696		3893340		3431
880		1681		3897763		3430
881		1648		3902164		3438
882		1688		3906605		3458
883		1711		3911040		3445
884		1685		3915464		3449
885		1754		3919890		3448
886		1723		3924308		3441
887		1717		3928722		3437
888		1715		3933163		3425
889		1709		3937604		3428
890		1691		3942053		3427
891		1667		3946477		3429
892		1657		3950911		3446
893		1649		3955350		3427
894		1643		3959772		3445
895		1584		3964216		3438
896		1635		3968629		3416
897		1621		3973060		3432
898		1629		3977492		3403
899		1592		3981923		3429
900		1620		3986345		3428
901		1627		3990760		3430
902		1625		3995211		3439
903		1657		3999619		3433
904		1595		4004027		3443
905		1650		4008451		3444
906		1668		4012896		3445
907		1677		4017310		3428
908		1663		4021741		3436
909		1654		4026169		3430
910		1622		4030589		3444
911		1652		4034999		3438
912		1695		4039445		3440
913		1664		4043884		3427
914		1626		4048321		3420
915		1623		4052756		3417
916		1609		4057203		3426
917		1593		4061631		3409
918		1606		4066076		3425
919		1645		4070504		3430
920		1621		4074926		3431
921		1650		4079365		3432
922		1644		4083807		3429
923		1643		4088218		3431
924		1672		4092668		3430
925		1674		4097094		3423
926		1658		4101499		3437
927		1736		4105919		3418
928		1766		4110340		3428
929		1775		4114747		3415
930		1734		4119188		3418
931		1794		4123632		3438
932		1769		4128038		3428
933		1788		4132473		3439
934		1771		4136919		3437
935		1769		4141365		3427
936		1737		4145786		3422
937		1726		4150211		3436
938		1691		4154635		3424
939		1719		4159066		3411
940		1730		4163503		3435
941		1733		4167939		3441
942		1743		4172354		3425
943		1704		4176792		3413
944		1655		4181212		3423
945		1641		4185635		3445
946		1674		4190064		3422
947		1664		4194501		3442
948		1659		4198918		3445
949		1659		4203350		3464
950		1657		4207762		3423
951		1662		4212165		3418
952		1680		4216589		3431
953		1619		4221005		3435
954		1635		4225406		3422
955		1654		4229822		3421
956		1631		4234277		3441
957		1636		4238688		3424
958		1618		4243127		3442
959		1680		4247536		3438
960		1664		4251969		3441
961		1660		4256412		3422
962		1680		4260861		3444
963		1705		4265304		3451
964		1699		4269733		3428
965		1660		4274174		3435
966		1646		4278592		3434
967		1614		4283017		3450
968		1639		4287458		3438
969		1608		4291876		3422
970		1638		4296275		3422
971		1655		4300691		3433
972		1671		4305119		3435
973		1644		4309521		3438
974		1699		4313942		3421
975		1702		4318377		3439
976		1677		4322804		3411
977		1697		4327255		3417
978		1722		4331665		3436
979		1737		4336096		3431
980		1713		4340528		3431
981		1722		4344964		3435
982		1704		4349365		3423
983		1729		4353810		3421
984		1668		4358241		3450
985		1650		4362663		3435
986		1644		4367091		3430
987		1636		4371485		3431
988		1672		4375918		3432
989		1661		4380366		3431
990		1657		4384792		3456
991		1641		4389217		3443
992		1598		4393635		3435
993		1638		4398081		3428
994		1633		4402480		3440
995		1624		4406914		3434
996		1603		4411315		3431
997		1621		4415733		3431
998		1614		4420165		3434
999		1620		4424601		3425
