# Migration is number of nodes that have changed color.

Round		Edge-Cut		Swaps		Migrations		Skipped
0		8573		4651		3029
1		7827		9200		3099
2		7277		13713		3114
3		6822		18196		3130
4		6486		22649		3143
5		6226		27070		3175
6		6021		31498		3204
7		5742		35934		3188
8		5598		40395		3200
9		5410		44834		3236
10		5233		49250		3218
11		5086		53645		3232
12		4920		58057		3184
13		4795		62406		3193
14		4718		66785		3253
15		4631		71146		3235
16		4525		75521		3237
17		4509		79916		3211
18		4386		84321		3234
19		4327		88729		3236
20		4288		93086		3232
21		4273		97450		3243
22		4221		101837		3244
23		4134		106246		3251
24		4077		110620		3243
25		4084		114987		3245
26		3995		119353		3255
27		3894		123696		3240
28		3862		128062		3217
29		3802		132457		3240
30		3779		136832		3266
31		3682		141196		3259
32		3622		145567		3241
33		3573		149941		3256
34		3559		154276		3260
35		3510		158620		3270
36		3462		162997		3270
37		3422		167356		3244
38		3407		171713		3273
39		3381		176070		3284
40		3353		180390		3247
41		3353		184764		3264
42		3316		189125		3250
43		3244		193477		3253
44		3255		197830		3252
45		3260		202220		3274
46		3252		206614		3273
47		3293		210994		3282
48		3257		215349		3278
49		3232		219690		3241
50		3194		224091		3280
51		3137		228468		3251
52		3105		232836		3255
53		3120		237203		3240
54		3127		241538		3269
55		3118		245918		3253
56		3102		250269		3260
57		3073		254606		3245
58		3050		258983		3257
59		3035		263344		3273
60		3050		267690		3268
61		3033		272055		3284
62		3009		276441		3279
63		3027		280804		3277
64		3020		285149		3280
65		2993		289548		3292
66		2975		293908		3303
67		2986		298227		3285
68		2900		302584		3289
69		2887		306919		3277
70		2827		311284		3284
71		2807		315662		3269
72		2830		320046		3279
73		2828		324409		3302
74		2803		328766		3294
75		2779		333135		3285
76		2780		337483		3290
77		2771		341850		3295
78		2752		346214		3305
79		2757		350556		3315
80		2741		354908		3297
81		2738		359280		3300
82		2746		363636		3295
83		2756		367989		3314
84		2755		372341		3304
85		2743		376703		3299
86		2722		381076		3305
87		2656		385446		3299
88		2657		389764		3292
89		2672		394128		3283
90		2641		398500		3301
91		2650		402821		3288
92		2631		407184		3278
93		2619		411524		3297
94		2617		415891		3286
95		2601		420245		3276
96		2618		424615		3300
97		2614		428969		3301
98		2639		433337		3318
99		2625		437699		3309
100		2606		442045		3306
101		2579		446387		3306
102		2553		450737		3308
103		2524		455111		3302
104		2573		459468		3302
105		2581		463820		3298
106		2585		468180		3298
107		2515		472549		3293
108		2503		476900		3281
109		2504		481274		3294
110		2474		485657		3291
111		2474		490016		3307
112		2476		494358		3293
113		2491		498746		3304
114		2491		503074		3306
115		2443		507432		3312
116		2466		511842		3312
117		2437		516200		3320
118		2462		520565		3302
119		2471		524947		3303
120		2474		529303		3318
121		2445		533672		3321
122		2459		538020		3342
123		2455		542414		3342
124		2471		546745		3328
125		2459		551120		3325
126		2430		555519		3328
127		2480		559871		3336
128		2473		564259		3323
129		2439		568614		3321
130		2443		573012		3306
131		2424		577364		3326
132		2418		581723		3325
133		2414		586076		3320
134		2389		590443		3322
135		2393		594793		3325
136		2375		599182		3332
137		2362		603533		3327
138		2377		607906		3320
139		2349		612260		3329
140		2337		616623		3310
141		2319		621029		3302
142		2324		625412		3312
143		2316		629793		3327
144		2339		634116		3321
145		2348		638529		3316
146		2337		642897		3310
147		2311		647276		3306
148		2298		651650		3308
149		2298		656054		3300
150		2303		660465		3313
151		2279		664837		3329
152		2285		669210		3327
153		2292		673588		3315
154		2299		677990		3327
155		2289		682367		3316
156		2266		686714		3286
157		2277		691075		3301
158		2303		695451		3313
159		2296		699807		3309
160		2255		704186		3323
161		2263		708602		3307
162		2230		712989		3336
163		2195		717353		3337
164		2234		721746		3332
165		2235		726148		3305
166		2215		730545		3325
167		2201		734909		3331
168		2210		739282		3317
169		2231		743648		3332
170		2208		748019		3332
171		2199		752392		3311
172		2221		756762		3304
173		2193		761134		3327
174		2187		765529		3335
175		2178		769923		3320
176		2200		774262		3317
177		2185		778639		3310
178		2185		782961		3314
179		2205		787353		3320
180		2235		791725		3321
181		2192		796098		3334
182		2193		800467		3339
183		2220		804853		3329
184		2214		809207		3321
185		2205		813521		3344
186		2170		817901		3341
187		2175		822289		3345
188		2207		826702		3333
189		2217		831083		3341
190		2189		835460		3326
191		2199		839857		3327
192		2192		844234		3331
193		2173		848626		3330
194		2175		852956		3331
195		2163		857316		3339
196		2170		861680		3327
197		2148		866056		3348
198		2168		870428		3333
199		2128		874783		3345
200		2139		879154		3359
201		2108		883529		3342
202		2134		887898		3349
203		2103		892279		3341
204		2082		896651		3340
205		2060		901028		3350
206		2041		905407		3346
207		2062		909794		3349
208		2039		914180		3343
209		2053		918549		3334
210		2048		922917		3316
211		2047		927308		3312
212		2039		931712		3322
213		2056		936106		3334
214		2034		940508		3323
215		2049		944906		3327
216		2040		949277		3330
217		2044		953671		3317
218		2020		958021		3324
219		2033		962397		3314
220		2060		966799		3322
221		2052		971171		3321
222		2020		975566		3326
223		2003		979944		3332
224		2001		984319		3334
225		2023		988724		3322
226		2044		993125		3335
227		2048		997506		3343
228		2027		1001885		3341
229		2035		1006261		3330
230		2034		1010659		3332
231		2058		1015039		3352
232		2066		1019435		3354
233		2049		1023792		3345
234		2015		1028184		3342
235		2044		1032552		3323
236		2055		1036935		3337
237		2039		1041340		3326
238		2045		1045735		3317
239		2006		1050137		3332
240		2022		1054530		3326
241		1978		1058894		3332
242		2006		1063252		3334
243		1993		1067651		3331
244		2003		1072042		3333
245		1981		1076426		3341
246		1983		1080831		3345
247		1970		1085178		3336
248		1973		1089574		3341
249		1974		1093964		3334
250		1965		1098330		3356
251		1967		1102714		3345
252		1958		1107120		3334
253		1969		1111525		3344
254		1958		1115924		3344
255		1985		1120293		3330
256		1993		1124621		3352
257		1959		1129024		3349
258		1987		1133400		3348
259		2005		1137771		3328
260		1989		1142135		3342
261		1970		1146532		3335
262		1974		1150925		3332
263		1999		1155269		3341
264		1976		1159649		3346
265		1958		1163995		3347
266		1988		1168394		3333
267		2011		1172786		3330
268		1972		1177162		3319
269		1974		1181554		3329
270		1981		1185940		3337
271		1964		1190328		3324
272		1967		1194716		3326
273		1958		1199069		3314
274		1945		1203447		3329
275		1937		1207843		3325
276		1942		1212203		3330
277		1973		1216589		3329
278		1961		1220971		3327
279		1939		1225365		3339
280		1972		1229749		3325
281		1947		1234117		3327
282		1949		1238492		3332
283		1952		1242862		3337
284		1940		1247224		3326
285		1936		1251602		3345
286		1907		1256013		3337
287		1894		1260384		3340
288		1912		1264775		3340
289		1927		1269164		3357
290		1928		1273539		3338
291		1936		1277916		3357
292		1935		1282292		3348
293		1950		1286687		3358
294		1969		1291060		3344
295		1963		1295419		3361
296		1943		1299802		3366
297		1956		1304189		3344
298		1959		1308591		3360
299		1957		1312977		3333
300		1953		1317363		3334
301		1953		1321742		3345
302		1960		1326124		3339
303		1919		1330512		3353
304		1895		1334915		3336
305		1901		1339267		3330
306		1918		1343637		3345
307		1942		1348022		3331
308		1924		1352405		3345
309		1928		1356793		3341
310		1949		1361193		3358
311		1949		1365573		3351
312		1931		1369966		3326
313		1956		1374354		3354
314		1936		1378728		3349
315		1890		1383085		3348
316		1888		1387473		3337
317		1895		1391873		3336
318		1909		1396234		3344
319		1912		1400591		3354
320		1921		1404970		3353
321		1945		1409366		3334
322		1918		1413713		3346
323		1899		1418101		3353
324		1910		1422469		3360
325		1937		1426830		3346
326		1923		1431202		3358
327		1894		1435589		3351
328		1868		1439979		3344
329		1877		1444381		3351
330		1864		1448769		3340
331		1856		1453116		3333
332		1828		1457452		3324
333		1839		1461843		3326
334		1873		1466244		3327
335		1845		1470602		3335
336		1857		1474997		3342
337		1840		1479382		3344
338		1852		1483715		3332
339		1863		1488076		3337
340		1883		1492473		3345
341		1905		1496867		3345
342		1869		1501264		3364
343		1861		1505639		3364
344		1833		1510053		3357
345		1858		1514445		3339
346		1836		1518807		3361
347		1829		1523211		3359
348		1807		1527602		3342
349		1825		1532005		3337
350		1797		1536391		3357
351		1794		1540747		3359
352		1823		1545118		3357
353		1821		1549479		3356
354		1816		1553832		3378
355		1802		1558207		3356
356		1824		1562595		3356
357		1815		1566974		3361
358		1821		1571365		3369
359		1846		1575712		3367
360		1860		1580088		3372
361		1856		1584420		3370
362		1847		1588805		3369
363		1868		1593172		3362
364		1851		1597543		3356
365		1838		1601931		3367
366		1859		1606346		3365
367		1865		1610761		3373
368		1860		1615174		3386
369		1829		1619555		3368
370		1830		1623967		3371
371		1832		1628358		3374
372		1831		1632763		3372
373		1844		1637155		3363
374		1821		1641546		3380
375		1796		1645926		3362
376		1763		1650287		3367
377		1785		1654649		3371
378		1789		1659057		3367
379		1766		1663421		3369
380		1769		1667815		3369
381		1792		1672189		3375
382		1845		1676592		3373
383		1813		1680925		3377
384		1792		1685314		3377
385		1793		1689698		3367
386		1803		1694069		3372
387		1761		1698474		3376
388		1772		1702844		3373
389		1783		1707225		3394
390		1787		1711636		3375
391		1786		1716018		3378
392		1774		1720412		3378
393		1807		1724766		3376
394		1814		1729179		3390
395		1782		1733566		3382
396		1786		1737973		3373
397		1794		1742380		3380
398		1765		1746740		3383
399		1761		1751113		3379
400		1757		1755495		3386
401		1728		1759843		3386
402		1760		1764228		3389
403		1740		1768629		3394
404		1767		1773015		3391
405		1763		1777366		3378
406		1759		1781736		3372
407		1772		1786099		3379
408		1742		1790468		3385
409		1738		1794842		3388
410		1754		1799225		3384
411		1748		1803602		3385
412		1736		1807984		3386
413		1744		1812366		3377
414		1761		1816755		3377
415		1751		1821131		3376
416		1757		1825529		3384
417		1756		1829928		3377
418		1762		1834301		3395
419		1780		1838695		3393
420		1779		1843075		3389
421		1756		1847452		3385
422		1752		1851815		3387
423		1759		1856168		3371
424		1773		1860557		3377
425		1766		1864948		3367
426		1742		1869341		3370
427		1736		1873734		3382
428		1762		1878104		3378
429		1784		1882495		3367
430		1766		1886870		3383
431		1785		1891228		3413
432		1784		1895628		3396
433		1787		1900022		3380
434		1778		1904389		3398
435		1731		1908760		3393
436		1726		1913126		3387
437		1736		1917524		3391
438		1755		1921914		3392
439		1759		1926340		3389
440		1767		1930760		3398
441		1732		1935111		3391
442		1725		1939488		3401
443		1736		1943898		3397
444		1774		1948298		3404
445		1756		1952713		3410
446		1757		1957103		3399
447		1750		1961496		3393
448		1775		1965892		3399
449		1780		1970265		3391
450		1780		1974671		3392
451		1781		1979092		3402
452		1757		1983470		3393
453		1765		1987861		3382
454		1778		1992220		3393
455		1803		1996602		3403
456		1805		2000971		3380
457		1780		2005361		3390
458		1765		2009729		3391
459		1734		2014124		3403
460		1714		2018506		3396
461		1717		2022919		3389
462		1696		2027321		3392
463		1734		2031699		3388
464		1727		2036089		3385
465		1741		2040483		3386
466		1736		2044870		3396
467		1718		2049240		3383
468		1711		2053619		3383
469		1721		2058020		3375
470		1717		2062406		3381
471		1743		2066781		3383
472		1772		2071192		3387
473		1773		2075580		3383
474		1761		2079941		3379
475		1771		2084344		3392
476		1748		2088759		3390
477		1735		2093145		3395
478		1735		2097523		3388
479		1759		2101926		3383
480		1733		2106331		3379
481		1723		2110702		3393
482		1708		2115081		3388
483		1695		2119490		3400
484		1712		2123891		3389
485		1745		2128270		3391
486		1734		2132656		3382
487		1742		2137059		3393
488		1728		2141428		3380
489		1689		2145817		3385
490		1686		2150211		3386
491		1700		2154613		3375
492		1682		2158998		3382
493		1718		2163377		3379
494		1712		2167745		3382
495		1715		2172112		3389
496		1700		2176496		3396
497		1709		2180898		3390
498		1693		2185284		3388
499		1679		2189659		3393
500		1662		2194052		3376
501		1668		2198444		3392
502		1660		2202846		3398
503		1665		2207219		3378
504		1646		2211591		3376
505		1656		2215962		3384
506		1658		2220337		3403
507		1682		2224725		3388
508		1672		2229137		3390
509		1679		2233541		3387
510		1666		2237938		3392
511		1667		2242314		3384
512		1668		2246711		3372
513		1667		2251079		3378
514		1658		2255457		3385
515		1663		2259843		3372
516		1678		2264231		3382
517		1666		2268624		3381
518		1669		2273024		3373
519		1714		2277407		3375
520		1667		2281791		3384
521		1645		2286184		3391
522		1672		2290563		3391
523		1678		2294986		3402
524		1690		2299382		3394
525		1663		2303774		3384
526		1662		2308152		3387
527		1652		2312540		3395
528		1660		2316918		3377
529		1663		2321310		3363
530		1689		2325700		3366
531		1670		2330076		3390
532		1688		2334434		3375
533		1712		2338828		3380
534		1674		2343193		3364
535		1679		2347577		3359
536		1684		2351976		3371
537		1680		2356358		3375
538		1694		2360748		3373
539		1704		2365123		3379
540		1674		2369496		3373
541		1685		2373893		3362
542		1672		2378289		3376
543		1673		2382678		3382
544		1673		2387073		3394
545		1674		2391473		3374
546		1662		2395835		3387
547		1670		2400232		3381
548		1660		2404605		3389
549		1686		2409005		3404
550		1657		2413449		3385
551		1648		2417828		3391
552		1657		2422228		3380
553		1647		2426619		3388
554		1635		2431017		3392
555		1623		2435434		3385
556		1647		2439821		3395
557		1678		2444214		3412
558		1646		2448570		3405
559		1658		2452991		3393
560		1652		2457385		3393
561		1654		2461766		3416
562		1636		2466116		3412
563		1610		2470501		3407
564		1636		2474865		3394
565		1629		2479277		3397
566		1645		2483669		3412
567		1635		2488056		3410
568		1616		2492440		3416
569		1625		2496853		3405
570		1641		2501210		3409
571		1625		2505555		3403
572		1661		2509960		3399
573		1659		2514351		3407
574		1646		2518741		3393
575		1631		2523128		3392
576		1639		2527533		3408
577		1648		2531947		3397
578		1647		2536345		3399
579		1614		2540730		3393
580		1647		2545107		3407
581		1651		2549525		3398
582		1650		2553944		3390
583		1625		2558337		3396
584		1633		2562729		3387
585		1655		2567125		3401
586		1620		2571522		3401
587		1632		2575923		3386
588		1620		2580310		3396
589		1618		2584679		3415
590		1612		2589061		3400
591		1603		2593442		3420
592		1606		2597819		3411
593		1607		2602206		3396
594		1594		2606570		3406
595		1592		2610971		3409
596		1603		2615334		3409
597		1630		2619722		3413
598		1602		2624099		3420
599		1613		2628490		3416
600		1618		2632860		3399
601		1612		2637276		3407
602		1621		2641669		3417
603		1615		2646070		3410
604		1650		2650442		3405
605		1636		2654819		3402
606		1648		2659207		3399
607		1620		2663621		3404
608		1634		2668021		3414
609		1614		2672411		3408
610		1624		2676808		3408
611		1611		2681203		3416
612		1583		2685575		3404
613		1578		2689959		3412
614		1545		2694335		3398
615		1561		2698691		3416
616		1581		2703084		3407
617		1565		2707459		3401
618		1571		2711818		3400
619		1579		2716201		3397
620		1559		2720614		3403
621		1578		2724995		3414
622		1579		2729370		3409
623		1559		2733769		3410
624		1551		2738146		3406
625		1547		2742551		3408
626		1535		2746954		3408
627		1540		2751332		3403
628		1549		2755721		3401
629		1550		2760128		3411
630		1570		2764520		3394
631		1568		2768912		3382
632		1615		2773307		3406
633		1611		2777697		3397
634		1597		2782060		3404
635		1605		2786459		3393
636		1595		2790816		3393
637		1595		2795238		3401
638		1600		2799632		3408
639		1598		2804021		3413
640		1584		2808409		3406
641		1592		2812817		3425
642		1597		2817218		3419
643		1579		2821611		3409
644		1583		2826000		3406
645		1597		2830384		3404
646		1613		2834774		3393
647		1603		2839175		3387
648		1609		2843586		3401
649		1583		2847990		3403
650		1585		2852386		3403
651		1573		2856784		3406
652		1584		2861160		3406
653		1559		2865549		3407
654		1578		2869953		3408
655		1592		2874337		3410
656		1585		2878722		3410
657		1578		2883104		3417
658		1573		2887504		3410
659		1578		2891905		3397
660		1607		2896312		3399
661		1613		2900713		3398
662		1583		2905106		3396
663		1579		2909545		3408
664		1593		2913947		3416
665		1602		2918354		3404
666		1596		2922738		3413
667		1573		2927122		3415
668		1594		2931507		3406
669		1577		2935933		3415
670		1604		2940285		3410
671		1617		2944694		3409
672		1625		2949076		3400
673		1616		2953429		3415
674		1599		2957837		3417
675		1603		2962200		3405
676		1611		2966600		3413
677		1612		2970969		3422
678		1602		2975390		3423
679		1598		2979782		3415
680		1604		2984170		3418
681		1596		2988555		3425
682		1622		2992946		3414
683		1622		2997311		3414
684		1628		3001714		3407
685		1637		3006125		3408
686		1614		3010539		3405
687		1592		3014937		3417
688		1605		3019323		3423
689		1619		3023736		3409
690		1629		3028149		3427
691		1633		3032564		3420
692		1600		3036949		3425
693		1593		3041343		3413
694		1614		3045746		3430
695		1630		3050151		3429
696		1624		3054503		3416
697		1653		3058874		3419
698		1617		3063251		3418
699		1625		3067630		3422
700		1634		3072027		3416
701		1616		3076437		3419
702		1629		3080805		3409
703		1610		3085209		3417
704		1596		3089589		3410
705		1607		3093982		3425
706		1604		3098364		3437
707		1577		3102762		3414
708		1578		3107162		3432
709		1606		3111576		3416
710		1589		3115975		3421
711		1601		3120375		3419
712		1599		3124787		3409
713		1564		3129199		3415
714		1558		3133629		3436
715		1580		3137995		3423
716		1590		3142402		3427
717		1585		3146789		3425
718		1551		3151165		3428
719		1561		3155522		3419
720		1553		3159908		3420
721		1573		3164325		3423
722		1573		3168724		3419
723		1562		3173112		3421
724		1550		3177508		3407
725		1556		3181910		3416
726		1553		3186299		3415
727		1550		3190720		3409
728		1548		3195109		3412
729		1553		3199494		3418
730		1558		3203907		3425
731		1552		3208297		3412
732		1565		3212696		3428
733		1558		3217096		3424
734		1548		3221498		3420
735		1555		3225901		3412
736		1568		3230274		3430
737		1549		3234652		3419
738		1577		3239074		3412
739		1559		3243457		3417
740		1549		3247862		3410
741		1584		3252259		3411
742		1570		3256622		3413
743		1569		3261023		3423
744		1566		3265410		3412
745		1563		3269791		3416
746		1603		3274162		3425
747		1608		3278571		3430
748		1604		3282988		3424
749		1601		3287389		3437
750		1611		3291795		3433
751		1592		3296175		3414
752		1570		3300569		3428
753		1588		3304955		3430
754		1574		3309381		3425
755		1589		3313786		3429
756		1583		3318215		3418
757		1560		3322613		3421
758		1558		3327014		3428
759		1561		3331405		3417
760		1545		3335816		3413
761		1572		3340215		3411
762		1545		3344591		3426
763		1540		3348983		3431
764		1550		3353367		3430
765		1527		3357748		3422
766		1520		3362159		3423
767		1536		3366569		3425
768		1530		3370948		3422
769		1552		3375348		3413
770		1507		3379775		3424
771		1519		3384171		3425
772		1515		3388513		3422
773		1519		3392894		3423
774		1543		3397289		3408
775		1534		3401694		3434
776		1524		3406100		3420
777		1538		3410462		3426
778		1539		3414883		3435
779		1516		3419308		3428
780		1532		3423695		3424
781		1533		3428094		3437
782		1558		3432483		3429
783		1535		3436873		3415
784		1538		3441275		3423
785		1519		3445693		3418
786		1546		3450092		3421
787		1525		3454524		3413
788		1526		3458917		3412
789		1525		3463306		3421
790		1526		3467716		3415
791		1504		3472084		3419
792		1525		3476452		3434
793		1503		3480851		3429
794		1512		3485254		3428
795		1508		3489641		3419
796		1495		3494058		3408
797		1497		3498451		3428
798		1494		3502838		3415
799		1479		3507221		3417
800		1492		3511607		3420
801		1488		3516000		3433
802		1495		3520417		3425
803		1500		3524827		3438
804		1479		3529256		3437
805		1478		3533678		3417
806		1475		3538064		3410
807		1485		3542438		3410
808		1472		3546833		3412
809		1500		3551227		3415
810		1499		3555630		3420
811		1527		3560036		3423
812		1536		3564422		3418
813		1488		3568803		3428
814		1492		3573204		3424
815		1474		3577577		3446
816		1496		3581971		3436
817		1519		3586369		3445
818		1498		3590754		3444
819		1501		3595150		3419
820		1518		3599539		3433
821		1503		3603929		3435
822		1502		3608328		3435
823		1494		3612703		3432
824		1514		3617121		3435
825		1505		3621501		3429
826		1486		3625892		3434
827		1483		3630300		3437
828		1471		3634670		3427
829		1484		3639038		3427
830		1478		3643467		3432
831		1470		3647861		3446
832		1494		3652284		3436
833		1510		3656708		3438
834		1517		3661120		3449
835		1491		3665519		3442
836		1477		3669904		3460
837		1488		3674299		3453
838		1483		3678693		3440
839		1499		3683067		3447
840		1510		3687495		3447
841		1494		3691915		3450
842		1475		3696317		3447
843		1470		3700703		3444
844		1432		3705093		3451
845		1436		3709481		3455
846		1440		3713881		3440
847		1450		3718282		3438
848		1471		3722702		3458
849		1460		3727073		3437
850		1455		3731483		3437
851		1455		3735882		3439
852		1475		3740305		3438
853		1485		3744677		3451
854		1477		3749078		3438
855		1439		3753457		3435
856		1450		3757848		3447
857		1451		3762267		3444
858		1470		3766665		3451
859		1465		3771028		3442
860		1491		3775408		3449
861		1482		3779826		3462
862		1459		3784204		3456
863		1459		3788593		3465
864		1460		3792973		3443
865		1460		3797356		3449
866		1479		3801729		3449
867		1499		3806152		3446
868		1472		3810544		3452
869		1481		3814941		3435
870		1486		3819331		3427
871		1472		3823729		3433
872		1467		3828118		3435
873		1501		3832516		3439
874		1491		3836894		3437
875		1490		3841278		3432
876		1505		3845699		3436
877		1493		3850120		3444
878		1492		3854489		3436
879		1493		3858894		3430
880		1496		3863300		3450
881		1487		3867693		3437
882		1477		3872104		3446
883		1486		3876502		3426
884		1473		3880894		3449
885		1451		3885285		3445
886		1473		3889660		3442
887		1457		3894034		3461
888		1473		3898425		3466
889		1480		3902815		3449
890		1486		3907245		3449
891		1470		3911625		3447
892		1504		3916026		3441
893		1462		3920429		3438
894		1476		3924835		3447
895		1455		3929230		3439
896		1430		3933613		3451
897		1434		3937977		3458
898		1433		3942384		3449
899		1439		3946789		3459
900		1464		3951190		3464
901		1460		3955601		3463
902		1457		3959975		3437
903		1476		3964377		3450
904		1471		3968783		3439
905		1457		3973171		3434
906		1478		3977528		3444
907		1468		3981901		3445
908		1485		3986315		3444
909		1487		3990691		3450
910		1508		3995097		3444
911		1509		3999529		3436
912		1464		4003918		3437
913		1447		4008320		3433
914		1437		4012696		3434
915		1449		4017081		3446
916		1479		4021503		3442
917		1462		4025895		3440
918		1450		4030277		3452
919		1442		4034702		3445
920		1446		4039090		3444
921		1449		4043515		3446
922		1450		4047907		3456
923		1447		4052291		3444
924		1421		4056709		3453
925		1422		4061126		3448
926		1430		4065513		3440
927		1444		4069909		3435
928		1460		4074300		3441
929		1461		4078676		3441
930		1453		4083046		3429
931		1448		4087466		3431
932		1434		4091847		3441
933		1440		4096277		3427
934		1434		4100674		3427
935		1434		4105078		3427
936		1425		4109460		3426
937		1436		4113860		3443
938		1450		4118247		3438
939		1432		4122673		3436
940		1418		4127062		3440
941		1429		4131460		3446
942		1382		4135876		3436
943		1411		4140257		3450
944		1414		4144658		3449
945		1420		4149070		3442
946		1424		4153468		3443
947		1434		4157894		3453
948		1412		4162284		3441
949		1415		4166701		3450
950		1436		4171083		3455
951		1422		4175493		3455
952		1425		4179882		3453
953		1421		4184286		3458
954		1413		4188659		3448
955		1413		4193062		3456
956		1408		4197451		3452
957		1413		4201813		3449
958		1421		4206236		3453
959		1408		4210609		3452
960		1392		4215005		3447
961		1390		4219428		3450
962		1380		4223852		3441
963		1398		4228226		3451
964		1408		4232613		3440
965		1403		4237022		3451
966		1411		4241428		3451
967		1402		4245807		3441
968		1425		4250191		3453
969		1409		4254610		3447
970		1414		4259026		3458
971		1417		4263418		3445
972		1432		4267833		3446
973		1428		4272222		3464
974		1421		4276610		3452
975		1414		4281013		3448
976		1432		4285405		3442
977		1442		4289800		3460
978		1455		4294227		3463
979		1458		4298641		3448
980		1453		4303066		3448
981		1458		4307465		3429
982		1449		4311883		3440
983		1426		4316274		3445
984		1433		4320682		3458
985		1433		4325093		3451
986		1439		4329496		3443
987		1449		4333894		3455
988		1451		4338266		3444
989		1458		4342669		3442
990		1479		4347071		3451
991		1449		4351468		3463
992		1449		4355870		3448
993		1431		4360266		3450
994		1428		4364713		3446
995		1444		4369141		3454
996		1439		4373578		3465
997		1406		4378023		3462
998		1402		4382424		3465
999		1409		4386818		3469
