# Migration is number of nodes that have changed color.

Round		Edge-Cut		Swaps		Migrations		Skipped
0		8695		4644		3030
1		7841		9206		2994
2		7231		13728		3102
3		6924		18213		3117
4		6590		22702		3138
5		6308		27144		3189
6		6149		31576		3239
7		5935		36021		3239
8		5755		40466		3223
9		5602		44877		3250
10		5395		49286		3224
11		5280		53679		3253
12		5106		58078		3277
13		4948		62428		3280
14		4874		66810		3253
15		4721		71190		3276
16		4684		75562		3271
17		4655		79978		3268
18		4600		84373		3252
19		4506		88746		3274
20		4388		93134		3260
21		4306		97512		3263
22		4293		101882		3289
23		4261		106261		3295
24		4185		110632		3275
25		4154		114999		3288
26		4029		119367		3303
27		3993		123728		3296
28		3941		128082		3287
29		3906		132463		3313
30		3901		136830		3284
31		3839		141199		3322
32		3814		145613		3325
33		3747		149987		3317
34		3692		154378		3296
35		3627		158727		3290
36		3626		163084		3321
37		3610		167437		3312
38		3573		171805		3331
39		3532		176180		3312
40		3522		180543		3314
41		3442		184958		3318
42		3468		189323		3302
43		3445		193687		3318
44		3420		198048		3330
45		3401		202426		3322
46		3350		206787		3325
47		3329		211149		3337
48		3253		215479		3340
49		3226		219839		3352
50		3227		224219		3361
51		3232		228594		3342
52		3230		232932		3352
53		3222		237299		3334
54		3209		241671		3321
55		3162		246025		3332
56		3155		250362		3349
57		3116		254711		3344
58		3129		259083		3331
59		3058		263438		3356
60		3072		267769		3347
61		3029		272080		3356
62		3002		276449		3354
63		2987		280813		3358
64		2961		285164		3350
65		2995		289545		3349
66		2988		293912		3358
67		2994		298224		3349
68		2947		302573		3358
69		2972		306926		3354
70		2902		311316		3356
71		2939		315650		3348
72		2943		319997		3362
73		2910		324343		3367
74		2902		328700		3353
75		2955		333078		3354
76		2959		337432		3365
77		2946		341789		3359
78		2960		346176		3379
79		2938		350544		3370
80		2920		354948		3373
81		2905		359323		3360
82		2877		363657		3368
83		2881		368032		3382
84		2851		372410		3356
85		2864		376809		3368
86		2857		381194		3366
87		2839		385535		3362
88		2891		389878		3351
89		2914		394248		3352
90		2901		398618		3354
91		2850		402989		3356
92		2804		407341		3367
93		2825		411700		3359
94		2829		416047		3366
95		2761		420385		3350
96		2735		424747		3350
97		2737		429105		3356
98		2737		433483		3360
99		2731		437843		3355
100		2717		442206		3346
101		2673		446576		3364
102		2706		450923		3364
103		2683		455253		3353
104		2695		459649		3347
105		2672		464042		3354
106		2660		468416		3328
107		2676		472772		3344
108		2676		477160		3359
109		2658		481549		3349
110		2672		485922		3331
111		2587		490287		3333
112		2584		494649		3328
113		2560		499033		3356
114		2606		503406		3361
115		2579		507775		3346
116		2571		512126		3337
117		2563		516508		3356
118		2549		520865		3360
119		2554		525252		3384
120		2524		529617		3353
121		2512		533986		3364
122		2511		538325		3350
123		2478		542672		3349
124		2480		547008		3344
125		2449		551374		3354
126		2428		555769		3359
127		2433		560124		3349
128		2406		564503		3366
129		2430		568892		3337
130		2437		573250		3354
131		2414		577611		3346
132		2381		581943		3329
133		2387		586313		3355
134		2412		590698		3346
135		2427		595060		3351
136		2405		599438		3381
137		2395		603810		3376
138		2376		608201		3357
139		2378		612578		3372
140		2371		616941		3364
141		2371		621321		3354
142		2351		625661		3355
143		2349		630048		3355
144		2303		634420		3353
145		2307		638806		3350
146		2287		643185		3340
147		2304		647566		3345
148		2311		651938		3358
149		2303		656340		3337
150		2250		660707		3355
151		2236		665103		3369
152		2249		669479		3351
153		2217		673843		3344
154		2235		678240		3353
155		2233		682597		3343
156		2246		686989		3369
157		2252		691364		3361
158		2226		695771		3366
159		2263		700171		3366
160		2218		704544		3358
161		2206		708936		3369
162		2234		713304		3378
163		2189		717672		3371
164		2196		722037		3357
165		2226		726453		3353
166		2209		730849		3352
167		2214		735226		3367
168		2188		739595		3384
169		2182		743995		3374
170		2132		748386		3370
171		2146		752768		3357
172		2165		757141		3346
173		2126		761514		3358
174		2158		765951		3369
175		2152		770349		3360
176		2165		774721		3358
177		2127		779077		3360
178		2145		783442		3374
179		2103		787828		3387
180		2105		792207		3391
181		2119		796581		3379
182		2096		800946		3378
183		2099		805330		3390
184		2117		809688		3382
185		2114		814048		3380
186		2083		818443		3399
187		2071		822814		3384
188		2061		827170		3382
189		2075		831568		3372
190		2092		835934		3381
191		2086		840336		3377
192		2085		844701		3361
193		2079		849064		3368
194		2057		853459		3362
195		2055		857811		3360
196		2075		862207		3376
197		2060		866589		3363
198		2030		870963		3361
199		2034		875338		3374
200		1995		879701		3372
201		2010		884082		3385
202		2034		888437		3381
203		2017		892816		3390
204		2031		897216		3401
205		2003		901600		3392
206		2002		905981		3407
207		1974		910374		3389
208		1958		914779		3394
209		1975		919157		3389
210		1990		923561		3388
211		1996		927912		3374
212		1981		932268		3364
213		1986		936655		3371
214		2003		941056		3367
215		1992		945448		3380
216		2024		949831		3367
217		1997		954201		3374
218		2008		958562		3403
219		1973		962936		3374
220		1951		967330		3369
221		1968		971685		3388
222		1980		976086		3379
223		1996		980472		3392
224		1993		984851		3376
225		1967		989231		3397
226		1960		993613		3385
227		1941		998013		3386
228		1956		1002407		3395
229		1950		1006804		3394
230		1946		1011196		3403
231		1912		1015596		3384
232		1921		1019979		3377
233		1937		1024343		3383
234		1944		1028716		3396
235		1913		1033086		3394
236		1917		1037447		3378
237		1900		1041845		3396
238		1920		1046249		3392
239		1892		1050650		3404
240		1891		1055039		3396
241		1876		1059407		3399
242		1867		1063800		3388
243		1880		1068178		3389
244		1872		1072548		3372
245		1869		1076942		3380
246		1859		1081310		3400
247		1814		1085699		3387
248		1811		1090096		3394
249		1826		1094424		3401
250		1841		1098807		3401
251		1865		1103208		3399
252		1870		1107596		3394
253		1861		1111992		3408
254		1844		1116348		3404
255		1817		1120731		3397
256		1819		1125128		3407
257		1833		1129515		3386
258		1833		1133893		3373
259		1860		1138289		3368
260		1869		1142665		3378
261		1857		1147049		3371
262		1850		1151412		3380
263		1855		1155787		3368
264		1865		1160149		3362
265		1906		1164536		3367
266		1838		1168942		3365
267		1838		1173365		3370
268		1849		1177750		3364
269		1855		1182151		3366
270		1846		1186543		3368
271		1824		1190922		3362
272		1840		1195328		3355
273		1849		1199745		3350
274		1865		1204141		3359
275		1842		1208528		3361
276		1845		1212898		3361
277		1825		1217287		3355
278		1844		1221657		3348
279		1850		1226064		3358
280		1849		1230482		3352
281		1828		1234856		3355
282		1812		1239253		3357
283		1825		1243641		3364
284		1822		1248025		3352
285		1811		1252396		3373
286		1802		1256771		3371
287		1770		1261152		3368
288		1773		1265539		3386
289		1756		1269902		3367
290		1757		1274268		3371
291		1772		1278649		3380
292		1743		1283030		3376
293		1764		1287427		3379
294		1795		1291824		3369
295		1795		1296179		3372
296		1781		1300572		3369
297		1777		1304984		3349
298		1751		1309350		3350
299		1751		1313756		3374
300		1780		1318170		3375
301		1758		1322565		3367
302		1765		1326934		3356
303		1790		1331340		3355
304		1764		1335704		3370
305		1765		1340087		3375
306		1750		1344454		3372
307		1755		1348861		3365
308		1764		1353237		3358
309		1767		1357641		3361
310		1737		1362012		3366
311		1760		1366424		3373
312		1739		1370834		3369
313		1776		1375226		3370
314		1758		1379627		3375
315		1760		1384004		3375
316		1765		1388395		3363
317		1737		1392804		3369
318		1732		1397188		3373
319		1759		1401580		3366
320		1762		1405933		3376
321		1784		1410299		3375
322		1775		1414689		3352
323		1765		1419074		3364
324		1774		1423467		3369
325		1752		1427860		3367
326		1733		1432264		3368
327		1752		1436655		3370
328		1749		1441045		3377
329		1765		1445426		3363
330		1757		1449822		3362
331		1766		1454218		3371
332		1749		1458565		3356
333		1757		1462935		3368
334		1759		1467348		3362
335		1764		1471747		3364
336		1745		1476142		3358
337		1713		1480544		3358
338		1726		1484943		3379
339		1702		1489304		3377
340		1717		1493663		3366
341		1714		1498055		3372
342		1717		1502436		3355
343		1706		1506859		3360
344		1695		1511250		3361
345		1699		1515647		3363
346		1697		1520066		3365
347		1686		1524489		3351
348		1684		1528870		3361
349		1662		1533272		3364
350		1689		1537657		3358
351		1673		1542091		3373
352		1677		1546491		3356
353		1651		1550870		3355
354		1687		1555244		3365
355		1683		1559656		3364
356		1645		1564064		3375
357		1638		1568465		3367
358		1644		1572860		3377
359		1657		1577266		3387
360		1645		1581658		3367
361		1646		1586043		3367
362		1647		1590436		3365
363		1659		1594848		3368
364		1628		1599256		3367
365		1631		1603628		3366
366		1634		1608056		3361
367		1630		1612430		3360
368		1625		1616823		3360
369		1625		1621232		3354
370		1630		1625625		3358
371		1632		1630011		3373
372		1607		1634406		3363
373		1597		1638788		3364
374		1599		1643171		3371
375		1607		1647577		3366
376		1600		1651979		3360
377		1616		1656368		3358
378		1585		1660781		3369
379		1598		1665164		3362
380		1593		1669586		3384
381		1603		1673964		3375
382		1609		1678336		3374
383		1593		1682727		3371
384		1576		1687137		3374
385		1595		1691537		3391
386		1577		1695919		3386
387		1610		1700303		3387
388		1635		1704708		3385
389		1607		1709097		3373
390		1589		1713513		3387
391		1587		1717905		3399
392		1618		1722279		3384
393		1586		1726654		3399
394		1568		1731034		3394
395		1592		1735406		3394
396		1558		1739802		3393
397		1550		1744195		3394
398		1538		1748562		3393
399		1559		1752957		3392
400		1564		1757321		3387
401		1604		1761728		3386
402		1593		1766136		3386
403		1589		1770497		3389
404		1590		1774877		3383
405		1576		1779241		3390
406		1595		1783612		3396
407		1603		1787998		3397
408		1602		1792384		3382
409		1598		1796777		3389
410		1605		1801154		3389
411		1647		1805525		3392
412		1626		1809913		3386
413		1615		1814283		3388
414		1597		1818684		3386
415		1609		1823043		3396
416		1615		1827403		3390
417		1638		1831794		3382
418		1611		1836182		3389
419		1626		1840556		3393
420		1612		1844945		3385
421		1585		1849322		3383
422		1585		1853727		3386
423		1581		1858129		3369
424		1596		1862542		3387
425		1550		1866914		3374
426		1582		1871293		3372
427		1558		1875674		3368
428		1557		1880061		3390
429		1551		1884454		3376
430		1544		1888858		3367
431		1566		1893253		3383
432		1582		1897663		3377
433		1552		1902061		3378
434		1567		1906474		3380
435		1571		1910855		3387
436		1571		1915279		3390
437		1554		1919637		3390
438		1567		1924027		3385
439		1593		1928432		3389
440		1597		1932831		3378
441		1575		1937240		3376
442		1569		1941643		3402
443		1568		1946019		3385
444		1577		1950414		3387
445		1569		1954775		3387
446		1560		1959188		3385
447		1570		1963585		3385
448		1574		1967963		3376
449		1579		1972327		3373
450		1566		1976738		3396
451		1609		1981138		3388
452		1634		1985528		3391
453		1653		1989954		3399
454		1615		1994335		3385
455		1608		1998751		3392
456		1607		2003168		3370
457		1592		2007579		3384
458		1605		2012001		3381
459		1586		2016402		3390
460		1604		2020808		3379
461		1588		2025209		3389
462		1596		2029589		3393
463		1622		2033970		3382
464		1599		2038394		3380
465		1605		2042820		3375
466		1579		2047238		3377
467		1578		2051633		3386
468		1590		2056029		3381
469		1594		2060405		3381
470		1596		2064813		3394
471		1588		2069234		3390
472		1559		2073614		3391
473		1576		2078022		3400
474		1596		2082430		3399
475		1572		2086825		3398
476		1557		2091221		3383
477		1547		2095602		3392
478		1541		2099989		3394
479		1545		2104371		3394
480		1549		2108761		3383
481		1575		2113131		3392
482		1544		2117521		3386
483		1526		2121912		3385
484		1523		2126299		3392
485		1521		2130710		3401
486		1502		2135121		3393
487		1514		2139522		3402
488		1506		2143889		3377
489		1482		2148286		3404
490		1506		2152642		3386
491		1503		2157022		3389
492		1506		2161439		3399
493		1484		2165849		3390
494		1484		2170262		3394
495		1485		2174661		3403
496		1485		2179041		3406
497		1476		2183420		3393
498		1482		2187829		3396
499		1469		2192212		3404
500		1482		2196623		3393
501		1489		2200989		3401
502		1505		2205383		3375
503		1500		2209790		3381
504		1473		2214176		3396
505		1483		2218577		3384
506		1471		2222956		3394
507		1474		2227339		3376
508		1441		2231751		3388
509		1455		2236112		3388
510		1453		2240525		3384
511		1488		2244921		3384
512		1463		2249322		3385
513		1466		2253720		3394
514		1457		2258097		3393
515		1469		2262500		3399
516		1481		2266918		3382
517		1491		2271306		3375
518		1475		2275689		3387
519		1473		2280080		3384
520		1491		2284462		3384
521		1488		2288858		3390
522		1489		2293229		3371
523		1532		2297622		3382
524		1534		2302025		3377
525		1504		2306405		3370
526		1509		2310803		3377
527		1517		2315204		3366
528		1512		2319611		3376
529		1516		2323989		3380
530		1498		2328393		3389
531		1524		2332785		3391
532		1503		2337156		3381
533		1525		2341539		3372
534		1515		2345925		3376
535		1533		2350325		3370
536		1507		2354703		3384
537		1525		2359130		3373
538		1532		2363512		3382
539		1515		2367884		3374
540		1513		2372263		3378
541		1471		2376640		3385
542		1490		2381060		3385
543		1474		2385445		3375
544		1499		2389821		3387
545		1496		2394201		3391
546		1508		2398614		3396
547		1460		2403027		3395
548		1445		2407429		3393
549		1461		2411790		3389
550		1461		2416184		3388
551		1464		2420587		3387
552		1462		2424949		3388
553		1461		2429363		3390
554		1426		2433753		3386
555		1421		2438135		3388
556		1440		2442511		3389
557		1451		2446920		3390
558		1457		2451314		3394
559		1461		2455695		3385
560		1468		2460099		3394
561		1471		2464508		3384
562		1473		2468902		3399
563		1459		2473307		3389
564		1488		2477647		3392
565		1488		2482057		3405
566		1491		2486469		3413
567		1483		2490878		3405
568		1492		2495292		3412
569		1494		2499677		3401
570		1517		2504070		3401
571		1526		2508472		3396
572		1511		2512867		3389
573		1493		2517258		3393
574		1522		2521663		3391
575		1486		2526042		3394
576		1481		2530436		3409
577		1480		2534810		3389
578		1488		2539180		3394
579		1488		2543563		3392
580		1476		2547996		3391
581		1491		2552424		3387
582		1476		2556822		3390
583		1470		2561201		3390
584		1478		2565582		3383
585		1478		2569967		3396
586		1462		2574373		3385
587		1509		2578796		3402
588		1486		2583193		3402
589		1485		2587591		3414
590		1463		2591982		3396
591		1467		2596388		3397
592		1466		2600770		3407
593		1462		2605142		3399
594		1462		2609502		3398
595		1472		2613923		3398
596		1476		2618316		3408
597		1459		2622703		3408
598		1439		2627102		3411
599		1434		2631516		3398
600		1452		2635905		3383
601		1434		2640287		3392
602		1433		2644682		3374
603		1447		2649079		3393
604		1421		2653493		3393
605		1452		2657870		3386
606		1462		2662275		3386
607		1429		2666633		3379
608		1433		2671034		3389
609		1447		2675435		3398
610		1436		2679828		3389
611		1444		2684209		3393
612		1464		2688594		3387
613		1434		2692976		3395
614		1427		2697361		3394
615		1434		2701740		3394
616		1456		2706145		3398
617		1416		2710562		3399
618		1422		2714934		3401
619		1425		2719361		3414
620		1441		2723725		3406
621		1457		2728147		3400
622		1449		2732545		3406
623		1438		2736942		3395
624		1445		2741348		3402
625		1433		2745745		3395
626		1403		2750162		3417
627		1397		2754564		3403
628		1405		2758976		3426
629		1429		2763389		3426
630		1422		2767794		3410
631		1440		2772210		3411
632		1438		2776623		3408
633		1434		2781012		3422
634		1445		2785416		3424
635		1433		2789829		3416
636		1424		2794251		3424
637		1433		2798666		3404
638		1423		2803077		3406
639		1448		2807440		3413
640		1456		2811837		3424
641		1444		2816220		3425
642		1446		2820596		3417
643		1429		2825010		3418
644		1447		2829436		3412
645		1459		2833866		3409
646		1454		2838293		3413
647		1461		2842698		3411
648		1454		2847115		3390
649		1460		2851471		3410
650		1435		2855874		3410
651		1452		2860275		3405
652		1431		2864685		3410
653		1431		2869108		3413
654		1447		2873496		3430
655		1445		2877872		3424
656		1423		2882274		3411
657		1420		2886648		3429
658		1416		2891042		3417
659		1417		2895436		3423
660		1426		2899830		3430
661		1411		2904232		3433
662		1428		2908635		3437
663		1416		2913008		3418
664		1417		2917437		3423
665		1432		2921837		3420
666		1449		2926245		3413
667		1432		2930632		3418
668		1448		2935035		3428
669		1431		2939442		3429
670		1421		2943819		3424
671		1433		2948227		3426
672		1416		2952633		3420
673		1420		2957019		3413
674		1435		2961426		3411
675		1435		2965841		3420
676		1445		2970247		3413
677		1440		2974645		3415
678		1420		2979007		3420
679		1407		2983397		3425
680		1426		2987801		3430
681		1445		2992178		3428
682		1464		2996568		3424
683		1443		3000993		3417
684		1427		3005391		3424
685		1450		3009782		3428
686		1441		3014193		3406
687		1455		3018590		3427
688		1463		3022983		3432
689		1435		3027373		3429
690		1445		3031799		3426
691		1432		3036195		3425
692		1426		3040565		3421
693		1440		3044956		3425
694		1432		3049320		3425
695		1426		3053703		3412
696		1410		3058113		3419
697		1403		3062508		3425
698		1383		3066916		3406
699		1386		3071295		3410
700		1367		3075677		3411
701		1381		3080059		3419
702		1386		3084486		3409
703		1354		3088903		3416
704		1337		3093300		3411
705		1367		3097667		3406
706		1350		3102074		3419
707		1369		3106482		3429
708		1398		3110879		3426
709		1399		3115294		3416
710		1399		3119703		3426
711		1391		3124116		3428
712		1385		3128552		3431
713		1363		3132985		3430
714		1357		3137390		3422
715		1355		3141778		3431
716		1363		3146183		3424
717		1336		3150576		3417
718		1331		3154970		3417
719		1344		3159372		3422
720		1319		3163777		3415
721		1321		3168173		3426
722		1304		3172563		3428
723		1334		3176942		3444
724		1331		3181302		3435
725		1343		3185702		3437
726		1356		3190088		3439
727		1374		3194508		3427
728		1370		3198902		3433
729		1356		3203294		3422
730		1369		3207703		3428
731		1380		3212091		3426
732		1398		3216489		3435
733		1372		3220916		3434
734		1386		3225307		3433
735		1362		3229729		3439
736		1370		3234125		3435
737		1407		3238502		3436
738		1406		3242908		3433
739		1407		3247321		3440
740		1391		3251711		3434
741		1409		3256120		3436
742		1382		3260519		3438
743		1361		3264888		3442
744		1357		3269259		3425
745		1368		3273645		3429
746		1386		3278010		3451
747		1375		3282442		3437
748		1361		3286840		3431
749		1354		3291237		3423
750		1368		3295653		3432
751		1361		3300044		3423
752		1369		3304421		3414
753		1367		3308836		3433
754		1359		3313225		3421
755		1361		3317603		3438
756		1353		3321982		3427
757		1386		3326410		3400
758		1392		3330832		3406
759		1364		3335245		3403
760		1371		3339602		3417
761		1370		3344017		3410
762		1320		3348425		3416
763		1328		3352815		3422
764		1327		3357211		3407
765		1327		3361592		3416
766		1319		3365967		3412
767		1327		3370338		3421
768		1325		3374758		3425
769		1317		3379151		3409
770		1319		3383504		3414
771		1325		3387873		3417
772		1304		3392299		3406
773		1302		3396685		3417
774		1319		3401057		3421
775		1326		3405470		3420
776		1335		3409874		3418
777		1332		3414298		3418
778		1309		3418681		3424
779		1309		3423076		3410
780		1277		3427482		3416
781		1288		3431899		3413
782		1290		3436287		3409
783		1277		3440693		3416
784		1285		3445060		3419
785		1309		3449478		3419
786		1311		3453879		3424
787		1314		3458274		3412
788		1308		3462670		3400
789		1306		3467069		3413
790		1291		3471477		3410
791		1291		3475903		3410
792		1272		3480307		3414
793		1271		3484704		3417
794		1266		3489092		3412
795		1284		3493451		3409
796		1286		3497861		3420
797		1273		3502268		3416
798		1293		3506672		3410
799		1328		3511094		3412
800		1312		3515521		3411
801		1314		3519909		3411
802		1301		3524299		3424
803		1289		3528673		3434
804		1286		3533066		3430
805		1303		3537461		3436
806		1279		3541864		3426
807		1293		3546260		3419
808		1306		3550653		3414
809		1313		3555051		3420
810		1320		3559479		3417
811		1327		3563875		3409
812		1309		3568297		3413
813		1319		3572729		3413
814		1304		3577134		3415
815		1312		3581560		3407
816		1311		3585970		3418
817		1321		3590398		3429
818		1300		3594793		3424
819		1311		3599202		3425
820		1313		3603616		3417
821		1349		3608055		3420
822		1331		3612456		3409
823		1320		3616876		3412
824		1324		3621267		3420
825		1313		3625677		3424
826		1328		3630085		3411
827		1335		3634509		3417
828		1345		3638927		3413
829		1359		3643351		3416
830		1332		3647764		3416
831		1328		3652179		3414
832		1314		3656610		3401
833		1313		3661006		3411
834		1296		3665411		3425
835		1305		3669812		3415
836		1312		3674210		3420
837		1316		3678607		3423
838		1309		3682997		3427
839		1303		3687394		3424
840		1305		3691805		3423
841		1320		3696214		3417
842		1315		3700644		3422
843		1304		3705053		3417
844		1291		3709494		3403
845		1295		3713850		3399
846		1261		3718254		3408
847		1270		3722662		3401
848		1276		3727066		3397
849		1287		3731476		3394
850		1288		3735871		3393
851		1279		3740256		3404
852		1278		3744642		3404
853		1282		3749030		3406
854		1280		3753438		3403
855		1273		3757832		3404
856		1271		3762249		3406
857		1254		3766679		3407
858		1256		3771053		3405
859		1267		3775452		3408
860		1267		3779850		3414
861		1271		3784242		3402
862		1266		3788657		3414
863		1264		3793044		3424
864		1254		3797428		3418
865		1256		3801810		3416
866		1247		3806225		3427
867		1270		3810648		3423
868		1283		3815059		3425
869		1264		3819453		3424
870		1281		3823855		3422
871		1301		3828231		3415
872		1275		3832602		3415
873		1276		3836996		3429
874		1269		3841374		3431
875		1273		3845772		3418
876		1277		3850168		3407
877		1277		3854566		3423
878		1282		3858948		3416
879		1279		3863349		3416
880		1289		3867755		3429
881		1285		3872162		3430
882		1275		3876580		3423
883		1267		3880968		3433
884		1284		3885388		3421
885		1292		3889780		3423
886		1299		3894210		3418
887		1287		3898591		3415
888		1311		3902998		3421
889		1298		3907397		3421
890		1285		3911773		3428
891		1281		3916176		3421
892		1270		3920567		3437
893		1273		3924944		3416
894		1265		3929356		3419
895		1286		3933766		3435
896		1278		3938141		3429
897		1292		3942540		3436
898		1288		3946937		3417
899		1283		3951343		3431
900		1276		3955773		3433
901		1258		3960181		3442
902		1274		3964582		3435
903		1256		3969000		3443
904		1267		3973402		3420
905		1283		3977784		3424
906		1257		3982207		3429
907		1263		3986602		3448
908		1278		3991028		3437
909		1283		3995456		3432
910		1272		3999872		3438
911		1268		4004294		3437
912		1249		4008679		3428
913		1237		4013069		3429
914		1260		4017481		3429
915		1270		4021891		3425
916		1256		4026304		3425
917		1260		4030712		3431
918		1263		4035111		3432
919		1250		4039532		3427
920		1244		4043934		3431
921		1237		4048355		3426
922		1228		4052753		3429
923		1240		4057142		3434
924		1246		4061542		3428
925		1238		4065920		3424
926		1246		4070327		3434
927		1218		4074731		3432
928		1222		4079149		3433
929		1237		4083542		3429
930		1247		4087937		3418
931		1260		4092361		3433
932		1249		4096800		3429
933		1234		4101191		3423
934		1215		4105590		3438
935		1222		4109987		3424
936		1240		4114382		3425
937		1243		4118797		3428
938		1204		4123205		3430
939		1208		4127597		3425
940		1217		4131980		3428
941		1236		4136368		3437
942		1245		4140740		3440
943		1257		4145170		3428
944		1248		4149570		3425
945		1261		4153974		3411
946		1273		4158380		3423
947		1265		4162835		3423
948		1264		4167208		3416
949		1257		4171619		3423
950		1249		4176039		3424
951		1249		4180444		3435
952		1239		4184821		3425
953		1274		4189225		3424
954		1271		4193617		3435
955		1265		4198024		3437
956		1274		4202436		3422
957		1251		4206843		3426
958		1252		4211249		3422
959		1245		4215670		3423
960		1262		4220022		3437
961		1250		4224443		3425
962		1252		4228861		3409
963		1263		4233258		3407
964		1252		4237675		3425
965		1257		4242065		3427
966		1254		4246467		3430
967		1285		4250886		3427
968		1269		4255272		3408
969		1275		4259673		3427
970		1279		4264098		3420
971		1278		4268495		3416
972		1299		4272900		3431
973		1266		4277323		3425
974		1282		4281736		3439
975		1268		4286158		3442
976		1263		4290548		3439
977		1280		4294965		3420
978		1285		4299359		3418
979		1283		4303749		3415
980		1295		4308154		3421
981		1282		4312543		3425
982		1291		4316928		3417
983		1306		4321341		3414
984		1329		4325754		3407
985		1330		4330160		3427
986		1305		4334542		3427
987		1319		4338936		3427
988		1305		4343355		3434
989		1308		4347753		3436
990		1323		4352144		3417
991		1328		4356538		3428
992		1297		4360939		3429
993		1282		4365314		3434
994		1283		4369710		3434
995		1292		4374140		3426
996		1287		4378551		3426
997		1269		4382959		3440
998		1276		4387373		3446
999		1278		4391787		3446
