# Migration is number of nodes that have changed color.

Round		Edge-Cut		Swaps		Migrations		Skipped
0		9015		4697		3114
1		8413		9362		3182
2		8143		14013		3214
3		8033		18668		3272
4		7798		23311		3328
5		7746		27954		3327
6		7625		32602		3383
7		7617		37233		3402
8		7518		41861		3422
9		7485		46487		3434
10		7365		51123		3457
11		7341		55768		3474
12		7243		60396		3470
13		7155		65020		3458
14		7209		69631		3444
15		7061		74242		3487
16		7030		78863		3450
17		7101		83498		3446
18		6930		88106		3493
19		7000		92721		3489
20		6755		97339		3457
21		6799		101957		3480
22		6744		106571		3512
23		6809		111181		3533
24		6731		115793		3513
25		6616		120409		3485
26		6568		125018		3444
27		6596		129633		3489
28		6526		134252		3444
29		6573		138851		3459
30		6558		143457		3481
31		6553		148069		3483
32		6517		152690		3494
33		6595		157316		3512
34		6463		161914		3487
35		6411		166519		3463
36		6503		171129		3502
37		6587		175739		3500
38		6547		180344		3492
39		6429		184960		3523
40		6442		189553		3467
41		6434		194156		3516
42		6419		198758		3488
43		6377		203376		3512
44		6396		207979		3475
45		6348		212575		3487
46		6375		217188		3483
47		6317		221798		3491
48		6283		226409		3474
49		6242		231007		3477
50		6179		235611		3506
51		6108		240220		3490
52		6068		244820		3481
53		6030		249405		3513
54		6052		254003		3453
55		6040		258609		3458
56		6128		263184		3492
57		6109		267784		3466
58		6071		272374		3529
59		6007		276976		3509
60		5986		281564		3486
61		6041		286145		3529
62		5989		290738		3530
63		6056		295343		3474
64		6067		299936		3498
65		6080		304535		3486
66		6060		309129		3543
67		6006		313726		3458
68		6031		318327		3511
69		6086		322913		3501
70		6008		327500		3516
71		6077		332092		3484
72		5959		336666		3502
73		6025		341275		3489
74		5936		345855		3466
75		6015		350443		3480
76		5948		355023		3495
77		5933		359616		3491
78		5955		364205		3481
79		6044		368771		3528
80		6041		373365		3517
81		6068		377968		3503
82		6077		382568		3517
83		6031		387156		3541
84		5998		391753		3543
85		6044		396328		3553
86		6054		400913		3535
87		6009		405512		3498
88		6022		410078		3510
89		5954		414680		3544
90		5871		419254		3508
91		5848		423849		3486
92		5874		428426		3509
93		5872		432992		3517
94		5896		437586		3516
95		5892		442157		3514
96		5860		446738		3510
97		5845		451333		3557
98		5860		455928		3511
99		5908		460510		3500
100		5944		465111		3508
101		5866		469675		3485
102		5755		474260		3506
103		5837		478849		3514
104		5952		483450		3493
105		5899		488021		3490
106		5873		492607		3494
107		5902		497174		3462
108		5872		501740		3490
109		5849		506346		3486
110		5835		510925		3476
111		5896		515513		3481
112		5874		520103		3485
113		5920		524694		3496
114		5852		529286		3542
115		5820		533860		3527
116		5824		538444		3552
117		5879		543046		3529
118		5868		547621		3538
119		5856		552218		3485
120		5756		556809		3506
121		5737		561393		3543
122		5803		565990		3482
123		5891		570558		3449
124		5747		575145		3520
125		5687		579750		3469
126		5712		584332		3543
127		5762		588911		3477
128		5815		593478		3468
129		5693		598071		3482
130		5697		602661		3509
131		5817		607229		3538
132		5834		611820		3547
133		5850		616421		3483
134		5850		621014		3513
135		5875		625583		3445
136		5817		630168		3495
137		5796		634748		3553
138		5721		639337		3515
139		5784		643917		3554
140		5724		648512		3517
141		5694		653097		3521
142		5652		657669		3520
143		5749		662280		3489
144		5783		666871		3546
145		5694		671480		3496
146		5695		676051		3520
147		5704		680635		3501
148		5727		685211		3467
149		5766		689806		3489
150		5724		694385		3472
151		5817		698963		3505
152		5789		703559		3527
153		5794		708134		3485
154		5785		712750		3461
155		5675		717337		3487
156		5628		721909		3481
157		5640		726502		3484
158		5624		731096		3472
159		5589		735676		3476
160		5647		740264		3487
161		5750		744848		3481
162		5781		749427		3476
163		5722		754010		3523
164		5764		758592		3524
165		5865		763192		3502
166		5789		767779		3497
167		5783		772349		3516
168		5695		776932		3505
169		5606		781501		3489
170		5714		786084		3461
171		5628		790673		3489
172		5536		795276		3461
173		5573		799847		3508
174		5556		804418		3516
175		5681		809018		3496
176		5628		813590		3521
177		5623		818154		3528
178		5631		822720		3507
179		5621		827293		3517
180		5632		831877		3516
181		5743		836448		3493
182		5610		841032		3514
183		5515		845596		3502
184		5573		850162		3530
185		5606		854722		3548
186		5646		859294		3520
187		5661		863866		3517
188		5672		868440		3490
189		5650		873007		3509
190		5739		877579		3526
191		5741		882161		3492
192		5608		886734		3510
193		5697		891291		3547
194		5694		895864		3482
195		5854		900456		3470
196		5722		905018		3492
197		5675		909608		3497
198		5744		914180		3466
199		5695		918751		3451
200		5772		923348		3491
201		5789		927938		3505
202		5748		932538		3542
203		5780		937123		3502
204		5775		941718		3512
205		5817		946294		3507
206		5852		950878		3512
207		5865		955468		3521
208		5891		960056		3543
209		5919		964652		3541
210		5955		969238		3478
211		5817		973844		3555
212		5758		978417		3533
213		5783		983023		3547
214		5737		987614		3518
215		5838		992215		3561
216		5854		996796		3523
217		5929		1001382		3535
218		5867		1005986		3544
219		5688		1010562		3532
220		5781		1015164		3497
221		5789		1019757		3528
222		5741		1024345		3507
223		5772		1028920		3566
224		5734		1033512		3519
225		5726		1038095		3495
226		5736		1042670		3499
227		5733		1047270		3542
228		5773		1051847		3528
229		5710		1056446		3521
230		5786		1061025		3525
231		5799		1065618		3501
232		5858		1070211		3513
233		5894		1074807		3532
234		5843		1079413		3528
235		5795		1083996		3536
236		5869		1088580		3534
237		5934		1093189		3533
238		5862		1097761		3505
239		5815		1102340		3534
240		5820		1106944		3557
241		5812		1111524		3530
242		5750		1116106		3521
243		5778		1120691		3553
244		5701		1125247		3564
245		5747		1129813		3512
246		5714		1134404		3518
247		5742		1138982		3495
248		5693		1143588		3521
249		5712		1148170		3499
250		5697		1152750		3480
251		5681		1157323		3532
252		5751		1161905		3544
253		5744		1166501		3565
254		5786		1171101		3495
255		5796		1175676		3535
256		5806		1180252		3520
257		5712		1184855		3536
258		5785		1189443		3491
259		5749		1194045		3542
260		5732		1198625		3494
261		5766		1203208		3492
262		5767		1207784		3526
263		5761		1212343		3525
264		5708		1216928		3551
265		5715		1221512		3512
266		5708		1226103		3494
267		5773		1230683		3550
268		5823		1235266		3510
269		5703		1239857		3503
270		5626		1244431		3545
271		5675		1249002		3560
272		5719		1253572		3529
273		5794		1258151		3538
274		5766		1262729		3530
275		5755		1267320		3514
276		5749		1271888		3531
277		5747		1276452		3473
278		5843		1281032		3511
279		5787		1285614		3520
280		5712		1290200		3546
281		5750		1294800		3546
282		5731		1299391		3516
283		5730		1303981		3570
284		5667		1308558		3554
285		5666		1313137		3512
286		5656		1317703		3524
287		5701		1322279		3525
288		5681		1326866		3541
289		5644		1331444		3572
290		5619		1336020		3541
291		5585		1340606		3585
292		5629		1345180		3527
293		5616		1349761		3513
294		5627		1354320		3504
295		5764		1358918		3513
296		5770		1363507		3529
297		5805		1368080		3553
298		5816		1372673		3523
299		5793		1377273		3539
300		5704		1381844		3514
301		5706		1386422		3534
302		5734		1391005		3568
303		5739		1395585		3518
304		5728		1400178		3537
305		5804		1404763		3524
306		5800		1409345		3509
307		5730		1413930		3529
308		5654		1418533		3550
309		5616		1423134		3542
310		5653		1427703		3562
311		5675		1432286		3503
312		5707		1436859		3563
313		5613		1441432		3527
314		5674		1445997		3492
315		5808		1450585		3516
316		5854		1455171		3509
317		5892		1459789		3495
318		5962		1464382		3508
319		5914		1468983		3563
320		5865		1473583		3474
321		5806		1478168		3508
322		5776		1482750		3506
323		5869		1487355		3523
324		5876		1491930		3542
325		5839		1496543		3500
326		5721		1501130		3552
327		5836		1505726		3594
328		5764		1510318		3531
329		5781		1514911		3542
330		5797		1519485		3545
331		5797		1524072		3551
332		5789		1528655		3489
333		5678		1533219		3547
334		5678		1537809		3527
335		5777		1542385		3549
336		5733		1546950		3550
337		5899		1551521		3538
338		5826		1556125		3501
339		5917		1560715		3536
340		5941		1565323		3510
341		5818		1569924		3519
342		5841		1574505		3532
343		5972		1579094		3514
344		5913		1583683		3549
345		5913		1588281		3552
346		5830		1592863		3535
347		5892		1597446		3493
348		5969		1602021		3513
349		5971		1606601		3527
350		5939		1611187		3573
351		5858		1615767		3524
352		5836		1620368		3510
353		5927		1624970		3495
354		5784		1629528		3514
355		5846		1634110		3513
356		5875		1638705		3511
357		5856		1643301		3523
358		5824		1647892		3558
359		5823		1652482		3532
360		5908		1657059		3539
361		5852		1661639		3517
362		5864		1666246		3521
363		5921		1670828		3526
364		5878		1675436		3511
365		5818		1680020		3521
366		5860		1684622		3548
367		5912		1689217		3552
368		5966		1693802		3577
369		5999		1698394		3534
370		6001		1703006		3514
371		5936		1707585		3487
372		5889		1712169		3524
373		5906		1716760		3490
374		5850		1721354		3535
375		5916		1725941		3484
376		5968		1730546		3521
377		5859		1735140		3491
378		5869		1739732		3507
379		5942		1744312		3501
380		5953		1748899		3557
381		5866		1753488		3541
382		5938		1758076		3497
383		5902		1762674		3526
384		5822		1767249		3493
385		5787		1771840		3510
386		5690		1776438		3522
387		5656		1781004		3561
388		5675		1785582		3524
389		5723		1790165		3501
390		5746		1794765		3539
391		5732		1799351		3535
392		5755		1803937		3534
393		5783		1808522		3526
394		5824		1813105		3514
395		5801		1817675		3532
396		5804		1822255		3508
397		5800		1826830		3511
398		5799		1831437		3515
399		5835		1836020		3505
400		5824		1840601		3510
401		5763		1845186		3525
402		5884		1849774		3531
403		5769		1854359		3506
404		5765		1858943		3506
405		5840		1863562		3483
406		5850		1868160		3487
407		5857		1872741		3517
408		5760		1877332		3503
409		5624		1881909		3536
410		5680		1886495		3537
411		5674		1891066		3505
412		5679		1895665		3532
413		5554		1900249		3503
414		5505		1904833		3514
415		5512		1909406		3517
416		5540		1913991		3513
417		5526		1918585		3546
418		5659		1923165		3509
419		5672		1927723		3537
420		5708		1932299		3506
421		5725		1936885		3516
422		5663		1941443		3521
423		5619		1946019		3540
424		5443		1950598		3504
425		5447		1955168		3518
426		5454		1959737		3532
427		5606		1964338		3534
428		5571		1968925		3513
429		5506		1973494		3525
430		5560		1978075		3543
431		5555		1982663		3552
432		5573		1987260		3498
433		5665		1991854		3526
434		5644		1996434		3547
435		5694		2001003		3499
436		5714		2005615		3514
437		5550		2010204		3488
438		5593		2014794		3452
439		5602		2019373		3485
440		5657		2023965		3504
441		5608		2028564		3486
442		5593		2033142		3441
443		5493		2037713		3489
444		5586		2042301		3501
445		5539		2046861		3489
446		5581		2051427		3512
447		5617		2056016		3483
448		5626		2060607		3493
449		5584		2065191		3508
450		5518		2069767		3484
451		5535		2074338		3433
452		5447		2078909		3476
453		5509		2083460		3524
454		5552		2088047		3511
455		5584		2092635		3515
456		5526		2097225		3470
457		5591		2101786		3520
458		5522		2106371		3490
459		5548		2110950		3483
460		5583		2115531		3501
461		5577		2120088		3532
462		5559		2124666		3508
463		5470		2129244		3493
464		5676		2133817		3513
465		5730		2138404		3496
466		5713		2142980		3502
467		5667		2147558		3487
468		5615		2152129		3494
469		5785		2156702		3439
470		5763		2161285		3454
471		5724		2165878		3511
472		5731		2170476		3503
473		5748		2175052		3513
474		5683		2179650		3522
475		5732		2184228		3486
476		5811		2188821		3478
477		5720		2193403		3473
478		5596		2197984		3534
479		5599		2202556		3523
480		5607		2207134		3515
481		5564		2211711		3528
482		5626		2216286		3499
483		5662		2220872		3509
484		5729		2225458		3527
485		5648		2230066		3503
486		5577		2234660		3528
487		5592		2239245		3501
488		5482		2243827		3504
489		5595		2248408		3516
490		5588		2252986		3499
491		5452		2257553		3530
492		5506		2262124		3520
493		5461		2266686		3501
494		5612		2271253		3502
495		5479		2275830		3506
496		5543		2280403		3544
497		5583		2284987		3538
498		5581		2289554		3535
499		5567		2294139		3529
500		5451		2298730		3524
501		5507		2303293		3508
502		5577		2307865		3499
503		5523		2312447		3522
504		5512		2317027		3494
505		5526		2321618		3504
506		5495		2326202		3524
507		5534		2330758		3504
508		5586		2335315		3544
509		5460		2339875		3553
510		5511		2344450		3536
511		5553		2349047		3513
512		5589		2353638		3513
513		5609		2358205		3508
514		5626		2362789		3483
515		5617		2367351		3525
516		5645		2371933		3517
517		5682		2376496		3492
518		5663		2381099		3523
519		5648		2385689		3572
520		5697		2390279		3538
521		5600		2394844		3520
522		5658		2399429		3554
523		5697		2403999		3527
524		5703		2408598		3542
525		5767		2413172		3556
526		5642		2417754		3572
527		5613		2422345		3506
528		5622		2426929		3560
529		5663		2431514		3554
530		5602		2436117		3568
531		5622		2440698		3554
532		5628		2445283		3561
533		5673		2449814		3552
534		5691		2454404		3592
535		5659		2458998		3522
536		5716		2463578		3534
537		5814		2468167		3520
538		5718		2472773		3548
539		5713		2477354		3576
540		5691		2481945		3536
541		5588		2486529		3543
542		5524		2491124		3548
543		5491		2495701		3556
544		5639		2500283		3542
545		5694		2504876		3567
546		5590		2509462		3541
547		5607		2514034		3537
548		5694		2518618		3543
549		5627		2523192		3558
550		5606		2527770		3600
551		5537		2532350		3601
552		5599		2536947		3572
553		5588		2541545		3564
554		5622		2546111		3542
555		5599		2550710		3542
556		5583		2555308		3548
557		5508		2559890		3579
558		5486		2564479		3534
559		5548		2569067		3563
560		5458		2573633		3568
561		5450		2578195		3558
562		5512		2582761		3536
563		5489		2587353		3587
564		5407		2591939		3545
565		5341		2596486		3559
566		5409		2601038		3589
567		5444		2605625		3565
568		5486		2610208		3546
569		5386		2614776		3542
570		5377		2619359		3526
571		5433		2623939		3583
572		5368		2628511		3556
573		5391		2633092		3535
574		5372		2637673		3563
575		5505		2642254		3533
576		5552		2646834		3531
577		5589		2651413		3557
578		5566		2655978		3547
579		5518		2660553		3577
580		5651		2665117		3562
581		5531		2669714		3555
582		5647		2674303		3522
583		5677		2678881		3532
584		5621		2683454		3568
585		5662		2688023		3529
586		5684		2692599		3511
587		5738		2697194		3519
588		5650		2701759		3526
589		5659		2706351		3508
590		5699		2710914		3560
591		5703		2715503		3564
592		5692		2720076		3575
593		5679		2724649		3578
594		5782		2729244		3564
595		5678		2733824		3572
596		5709		2738415		3572
597		5770		2742995		3534
598		5836		2747582		3549
599		5756		2752173		3554
600		5738		2756763		3533
601		5834		2761368		3522
602		5754		2765960		3560
603		5909		2770546		3571
604		5835		2775124		3554
605		5871		2779713		3542
606		5808		2784293		3572
607		5777		2788884		3542
608		5787		2793477		3598
609		5776		2798070		3593
610		5594		2802650		3597
611		5642		2807227		3590
612		5639		2811838		3590
613		5575		2816415		3581
614		5659		2820995		3602
615		5732		2825584		3554
616		5737		2830166		3572
617		5686		2834756		3574
618		5607		2839342		3564
619		5604		2843922		3564
620		5532		2848521		3559
621		5568		2853090		3539
622		5555		2857687		3564
623		5600		2862258		3549
624		5476		2866819		3535
625		5491		2871385		3517
626		5536		2875954		3540
627		5594		2880541		3567
628		5659		2885117		3520
629		5500		2889691		3563
630		5471		2894267		3542
631		5455		2898853		3544
632		5444		2903418		3572
633		5582		2907974		3551
634		5674		2912568		3544
635		5573		2917145		3572
636		5608		2921691		3501
637		5637		2926259		3513
638		5611		2930834		3535
639		5572		2935414		3527
640		5585		2939990		3564
641		5549		2944579		3525
642		5518		2949160		3556
643		5477		2953738		3526
644		5531		2958310		3501
645		5396		2962880		3542
646		5448		2967462		3494
647		5390		2972058		3550
648		5464		2976619		3539
649		5534		2981182		3568
650		5499		2985773		3596
651		5475		2990345		3580
652		5416		2994920		3566
653		5606		2999494		3576
654		5596		3004077		3568
655		5573		3008638		3570
656		5551		3013226		3526
657		5585		3017803		3533
658		5472		3022391		3545
659		5591		3026967		3569
660		5655		3031563		3502
661		5625		3036149		3540
662		5598		3040728		3533
663		5655		3045309		3507
664		5729		3049883		3561
665		5515		3054460		3555
666		5593		3059061		3553
667		5604		3063641		3556
668		5495		3068214		3546
669		5552		3072805		3496
670		5588		3077382		3527
671		5652		3081960		3540
672		5627		3086560		3507
673		5635		3091124		3511
674		5534		3095708		3546
675		5487		3100275		3511
676		5445		3104859		3487
677		5498		3109437		3523
678		5466		3114012		3515
679		5438		3118581		3520
680		5562		3123145		3514
681		5573		3127723		3490
682		5502		3132292		3539
683		5505		3136882		3537
684		5456		3141473		3542
685		5422		3146061		3518
686		5411		3150648		3502
687		5495		3155223		3507
688		5472		3159790		3547
689		5464		3164384		3512
690		5466		3168961		3512
691		5410		3173560		3541
692		5387		3178140		3515
693		5430		3182714		3550
694		5472		3187307		3525
695		5514		3191901		3486
696		5507		3196468		3575
697		5500		3201057		3498
698		5528		3205641		3540
699		5573		3210243		3525
700		5563		3214817		3523
701		5514		3219389		3520
702		5510		3223960		3572
703		5478		3228540		3512
704		5466		3233112		3531
705		5538		3237673		3503
706		5502		3242264		3542
707		5511		3246834		3516
708		5572		3251404		3556
709		5484		3255976		3511
710		5465		3260545		3538
711		5418		3265122		3568
712		5397		3269681		3555
713		5478		3274238		3520
714		5524		3278815		3501
715		5537		3283395		3548
716		5554		3287987		3560
717		5578		3292565		3558
718		5527		3297133		3545
719		5525		3301711		3494
720		5573		3306301		3520
721		5606		3310889		3544
722		5587		3315490		3561
723		5709		3320072		3489
724		5633		3324648		3507
725		5577		3329197		3549
726		5709		3333770		3530
727		5605		3338344		3523
728		5605		3342907		3534
729		5581		3347500		3504
730		5550		3352083		3540
731		5533		3356676		3535
732		5583		3361261		3523
733		5526		3365862		3557
734		5477		3370435		3566
735		5537		3375037		3541
736		5662		3379611		3507
737		5586		3384205		3544
738		5492		3388772		3564
739		5478		3393341		3551
740		5545		3397924		3574
741		5519		3402497		3553
742		5559		3407082		3566
743		5550		3411646		3591
744		5584		3416222		3564
745		5533		3420797		3571
746		5543		3425362		3556
747		5543		3429936		3598
748		5609		3434524		3607
749		5561		3439091		3613
750		5608		3443684		3614
751		5585		3448261		3599
752		5608		3452824		3607
753		5623		3457423		3577
754		5660		3462022		3599
755		5659		3466594		3571
756		5687		3471180		3529
757		5706		3475775		3552
758		5702		3480365		3574
759		5676		3484943		3575
760		5610		3489526		3556
761		5622		3494110		3580
762		5656		3498702		3613
763		5688		3503286		3589
764		5656		3507860		3576
765		5625		3512455		3579
766		5571		3517006		3556
767		5590		3521582		3544
768		5565		3526167		3543
769		5504		3530744		3538
770		5514		3535330		3567
771		5498		3539917		3576
772		5597		3544481		3571
773		5630		3549079		3567
774		5652		3553676		3570
775		5590		3558271		3520
776		5572		3562858		3530
777		5571		3567442		3585
778		5551		3572016		3575
779		5460		3576590		3566
780		5541		3581161		3547
781		5542		3585747		3548
782		5564		3590340		3561
783		5579		3594909		3541
784		5570		3599501		3516
785		5615		3604079		3521
786		5669		3608660		3532
787		5624		3613241		3537
788		5609		3617835		3509
789		5648		3622431		3561
790		5683		3627008		3524
791		5570		3631591		3547
792		5591		3636181		3560
793		5563		3640759		3587
794		5588		3645336		3518
795		5595		3649934		3529
796		5608		3654520		3549
797		5546		3659115		3519
798		5503		3663693		3563
799		5636		3668282		3534
800		5688		3672870		3541
801		5689		3677440		3532
802		5732		3682021		3515
803		5610		3686605		3481
804		5646		3691174		3514
805		5733		3695752		3525
806		5803		3700357		3514
807		5779		3704944		3544
808		5671		3709508		3558
809		5692		3714091		3553
810		5745		3718655		3544
811		5708		3723240		3564
812		5685		3727825		3575
813		5611		3732409		3569
814		5640		3736986		3592
815		5639		3741557		3544
816		5594		3746126		3603
817		5639		3750702		3563
818		5736		3755279		3574
819		5770		3759875		3599
820		5711		3764462		3572
821		5844		3769054		3561
822		5761		3773639		3533
823		5817		3778236		3606
824		5782		3782830		3579
825		5762		3787417		3579
826		5770		3791985		3558
827		5836		3796583		3559
828		5751		3801159		3560
829		5685		3805713		3533
830		5800		3810311		3563
831		5790		3814881		3570
832		5749		3819462		3551
833		5755		3824043		3537
834		5835		3828632		3540
835		5661		3833207		3550
836		5586		3837780		3595
837		5624		3842356		3555
838		5646		3846955		3526
839		5600		3851546		3546
840		5702		3856142		3547
841		5676		3860729		3522
842		5737		3865321		3527
843		5692		3869912		3519
844		5689		3874515		3551
845		5683		3879103		3557
846		5643		3883687		3567
847		5682		3888265		3566
848		5658		3892827		3532
849		5710		3897401		3526
850		5700		3901997		3527
851		5684		3906614		3588
852		5661		3911217		3557
853		5635		3915783		3553
854		5746		3920370		3575
855		5602		3924950		3599
856		5595		3929534		3550
857		5596		3934119		3532
858		5565		3938707		3522
859		5580		3943266		3533
860		5573		3947848		3539
861		5647		3952417		3538
862		5594		3956980		3557
863		5720		3961572		3511
864		5564		3966151		3560
865		5603		3970752		3552
866		5547		3975344		3526
867		5649		3979932		3556
868		5671		3984513		3561
869		5654		3989095		3565
870		5673		3993668		3477
871		5654		3998254		3518
872		5676		4002847		3537
873		5676		4007438		3493
874		5643		4012026		3589
875		5708		4016619		3518
876		5717		4021212		3546
877		5613		4025777		3563
878		5596		4030350		3587
879		5758		4034952		3512
880		5797		4039533		3519
881		5618		4044130		3521
882		5658		4048704		3542
883		5613		4053273		3535
884		5653		4057851		3561
885		5612		4062427		3548
886		5598		4067022		3526
887		5597		4071613		3557
888		5520		4076197		3548
889		5488		4080774		3543
890		5474		4085354		3506
891		5466		4089936		3554
892		5594		4094505		3522
893		5509		4099076		3543
894		5625		4103659		3572
895		5513		4108237		3524
896		5458		4112807		3538
897		5484		4117393		3572
898		5598		4121979		3513
899		5535		4126545		3544
900		5479		4131117		3520
901		5572		4135689		3554
902		5536		4140277		3479
903		5495		4144868		3513
904		5554		4149463		3538
905		5472		4154040		3569
906		5479		4158606		3558
907		5559		4163205		3557
908		5481		4167791		3517
909		5548		4172359		3510
910		5568		4176902		3532
911		5509		4181472		3512
912		5541		4186040		3515
913		5573		4190619		3524
914		5646		4195193		3515
915		5598		4199770		3547
916		5583		4204364		3499
917		5501		4208930		3528
918		5456		4213501		3545
919		5594		4218068		3511
920		5494		4222659		3529
921		5600		4227230		3540
922		5601		4231815		3536
923		5496		4236406		3511
924		5472		4240997		3516
925		5454		4245578		3531
926		5535		4250152		3552
927		5679		4254743		3529
928		5719		4259335		3554
929		5720		4263913		3578
930		5575		4268498		3549
931		5583		4273079		3585
932		5635		4277655		3537
933		5677		4282249		3561
934		5645		4286835		3584
935		5669		4291429		3553
936		5617		4296014		3584
937		5746		4300605		3558
938		5691		4305201		3520
939		5758		4309781		3527
940		5753		4314361		3556
941		5772		4318928		3546
942		5890		4323523		3541
943		5833		4328099		3523
944		5882		4332694		3546
945		5687		4337260		3592
946		5703		4341854		3510
947		5626		4346435		3527
948		5732		4351016		3557
949		5806		4355607		3554
950		5780		4360191		3522
951		5660		4364763		3551
952		5738		4369345		3540
953		5713		4373921		3542
954		5700		4378498		3534
955		5655		4383076		3494
956		5700		4387645		3565
957		5612		4392232		3535
958		5703		4396818		3553
959		5654		4401399		3506
960		5627		4405981		3549
961		5566		4410550		3601
962		5664		4415121		3535
963		5673		4419704		3495
964		5621		4424296		3534
965		5475		4428892		3528
966		5604		4433489		3542
967		5514		4438047		3585
968		5513		4442625		3539
969		5483		4447209		3510
970		5489		4451798		3525
971		5463		4456349		3514
972		5440		4460938		3575
973		5473		4465505		3534
974		5461		4470076		3535
975		5504		4474644		3527
976		5550		4479203		3548
977		5683		4483795		3560
978		5706		4488394		3567
979		5578		4492980		3523
980		5543		4497565		3557
981		5570		4502140		3558
982		5491		4506726		3570
983		5480		4511278		3581
984		5453		4515858		3543
985		5480		4520421		3556
986		5560		4525023		3554
987		5527		4529608		3552
988		5519		4534189		3536
989		5610		4538786		3527
990		5507		4543390		3610
991		5570		4547967		3567
992		5601		4552542		3552
993		5532		4557124		3581
994		5554		4561674		3582
995		5617		4566257		3540
996		5596		4570852		3554
997		5619		4575444		3513
998		5576		4580037		3551
999		5592		4584610		3500
