# Migration is number of nodes that have changed color.

Round		Edge-Cut		Swaps		Migrations		Skipped
0		8755		4671		3015
1		7988		9271		3070
2		7499		13841		3175
3		7215		18373		3242
4		6998		22902		3247
5		6724		27418		3274
6		6538		31929		3267
7		6222		36452		3287
8		6140		40937		3249
9		5957		45400		3254
10		5848		49878		3270
11		5783		54353		3261
12		5530		58823		3281
13		5416		63318		3270
14		5273		67754		3294
15		5240		72223		3309
16		5159		76661		3279
17		5081		81115		3300
18		5011		85549		3309
19		5013		90011		3302
20		4951		94473		3303
21		4818		98912		3297
22		4755		103355		3303
23		4730		107812		3293
24		4652		112261		3295
25		4663		116720		3303
26		4562		121161		3323
27		4561		125583		3301
28		4473		130051		3319
29		4391		134515		3335
30		4322		138942		3323
31		4295		143393		3316
32		4238		147837		3328
33		4190		152247		3329
34		4147		156668		3328
35		4127		161101		3334
36		4144		165508		3316
37		4068		169916		3362
38		4002		174351		3344
39		3983		178800		3349
40		3980		183231		3333
41		3943		187660		3335
42		3861		192105		3340
43		3823		196540		3341
44		3796		200947		3320
45		3777		205368		3328
46		3754		209770		3344
47		3764		214210		3311
48		3751		218637		3335
49		3698		223099		3315
50		3594		227502		3345
51		3593		231930		3317
52		3535		236326		3357
53		3513		240720		3345
54		3536		245126		3342
55		3537		249543		3317
56		3481		253977		3317
57		3462		258378		3332
58		3386		262788		3300
59		3419		267209		3315
60		3420		271634		3278
61		3421		276105		3310
62		3442		280520		3315
63		3387		284965		3305
64		3368		289375		3297
65		3445		293794		3305
66		3397		298193		3312
67		3321		302612		3345
68		3317		307047		3350
69		3314		311456		3338
70		3267		315914		3318
71		3237		320336		3355
72		3252		324756		3355
73		3260		329143		3341
74		3202		333567		3358
75		3214		338015		3356
76		3253		342423		3323
77		3156		346820		3325
78		3149		351258		3351
79		3081		355680		3347
80		3103		360099		3327
81		3064		364525		3316
82		3120		368959		3320
83		3101		373386		3355
84		3077		377801		3314
85		3036		382223		3335
86		3008		386654		3318
87		3072		391075		3340
88		3107		395504		3336
89		3108		399951		3353
90		3054		404380		3326
91		2984		408799		3341
92		2985		413217		3363
93		2970		417643		3353
94		3014		422080		3345
95		3052		426510		3352
96		2975		430916		3339
97		2960		435336		3347
98		2919		439752		3358
99		2945		444151		3352
100		2946		448561		3336
101		2972		452979		3348
102		2967		457373		3342
103		2930		461815		3338
104		2970		466229		3342
105		2887		470655		3326
106		2894		475086		3329
107		2882		479478		3323
108		2863		483896		3331
109		2849		488336		3336
110		2805		492783		3346
111		2798		497178		3336
112		2749		501550		3349
113		2757		505975		3351
114		2737		510390		3349
115		2755		514801		3340
116		2824		519201		3356
117		2791		523637		3321
118		2740		528060		3336
119		2766		532457		3345
120		2743		536899		3334
121		2792		541309		3332
122		2799		545739		3336
123		2772		550158		3332
124		2777		554591		3346
125		2711		558996		3345
126		2737		563438		3343
127		2723		567851		3347
128		2716		572271		3337
129		2734		576695		3381
130		2765		581085		3339
131		2751		585462		3337
132		2739		589875		3351
133		2709		594299		3323
134		2719		598725		3346
135		2726		603148		3358
136		2670		607536		3344
137		2668		611957		3342
138		2647		616360		3356
139		2651		620800		3323
140		2674		625202		3328
141		2596		629641		3328
142		2589		634040		3351
143		2594		638452		3338
144		2632		642864		3351
145		2571		647279		3335
146		2553		651656		3352
147		2548		656093		3373
148		2537		660530		3352
149		2522		664954		3338
150		2455		669386		3343
151		2480		673796		3339
152		2551		678237		3346
153		2495		682680		3345
154		2514		687106		3338
155		2531		691528		3357
156		2515		695978		3359
157		2535		700400		3359
158		2516		704829		3368
159		2489		709228		3372
160		2482		713633		3350
161		2483		718053		3331
162		2518		722499		3358
163		2542		726909		3352
164		2538		731335		3347
165		2564		735782		3356
166		2604		740226		3350
167		2572		744670		3364
168		2533		749108		3337
169		2462		753503		3372
170		2479		757929		3384
171		2473		762326		3351
172		2409		766747		3353
173		2404		771155		3365
174		2409		775565		3372
175		2407		779998		3369
176		2433		784430		3361
177		2408		788846		3372
178		2426		793265		3376
179		2474		797696		3374
180		2459		802128		3380
181		2493		806545		3365
182		2442		810983		3338
183		2434		815400		3359
184		2417		819846		3378
185		2380		824291		3388
186		2408		828682		3378
187		2398		833119		3360
188		2379		837526		3367
189		2431		841951		3394
190		2402		846343		3382
191		2415		850763		3376
192		2480		855178		3400
193		2440		859596		3381
194		2465		864019		3390
195		2448		868420		3422
196		2437		872863		3389
197		2466		877303		3380
198		2466		881713		3361
199		2479		886135		3396
200		2421		890569		3389
201		2427		894971		3406
202		2455		899392		3374
203		2470		903828		3388
204		2454		908241		3387
205		2470		912674		3396
206		2452		917073		3355
207		2463		921490		3366
208		2450		925941		3366
209		2430		930373		3388
210		2379		934820		3385
211		2379		939242		3394
212		2406		943666		3411
213		2372		948096		3381
214		2361		952527		3385
215		2361		956970		3392
216		2375		961422		3383
217		2330		965847		3381
218		2303		970251		3388
219		2263		974642		3391
220		2328		979070		3388
221		2293		983513		3393
222		2331		987927		3396
223		2287		992360		3392
224		2357		996766		3365
225		2367		1001196		3390
226		2377		1005634		3377
227		2382		1010098		3366
228		2335		1014491		3405
229		2331		1018926		3382
230		2292		1023323		3376
231		2304		1027739		3393
232		2290		1032158		3374
233		2323		1036591		3382
234		2288		1041005		3408
235		2301		1045420		3409
236		2324		1049865		3407
237		2326		1054274		3399
238		2395		1058694		3374
239		2375		1063106		3401
240		2315		1067532		3399
241		2329		1071967		3400
242		2302		1076400		3404
243		2299		1080826		3390
244		2286		1085247		3397
245		2319		1089631		3398
246		2312		1094057		3390
247		2289		1098464		3402
248		2252		1102896		3392
249		2295		1107308		3392
250		2285		1111741		3406
251		2338		1116169		3385
252		2304		1120589		3393
253		2304		1124991		3402
254		2307		1129408		3396
255		2260		1133865		3379
256		2198		1138291		3378
257		2195		1142721		3398
258		2119		1147135		3389
259		2142		1151532		3392
260		2137		1155945		3396
261		2120		1160349		3391
262		2134		1164764		3407
263		2168		1169156		3402
264		2208		1173579		3406
265		2156		1178010		3385
266		2215		1182408		3400
267		2217		1186839		3403
268		2231		1191233		3430
269		2235		1195631		3427
270		2236		1200071		3441
271		2206		1204496		3411
272		2176		1208932		3409
273		2177		1213387		3412
274		2189		1217813		3410
275		2178		1222227		3409
276		2146		1226662		3386
277		2095		1231064		3411
278		2097		1235508		3419
279		2088		1239952		3431
280		2042		1244412		3436
281		2080		1248809		3432
282		2084		1253211		3431
283		2095		1257626		3432
284		2099		1262043		3422
285		2092		1266486		3428
286		2063		1270883		3429
287		2032		1275298		3408
288		1999		1279710		3418
289		2029		1284121		3408
290		2020		1288535		3408
291		2046		1292956		3425
292		2044		1297371		3426
293		2063		1301794		3414
294		2100		1306204		3410
295		2106		1310632		3401
296		2127		1315048		3413
297		2113		1319478		3421
298		2061		1323894		3408
299		2105		1328324		3402
300		2137		1332742		3412
301		2128		1337164		3410
302		2201		1341583		3431
303		2140		1346014		3423
304		2123		1350448		3414
305		2139		1354830		3405
306		2154		1359267		3415
307		2168		1363703		3432
308		2099		1368124		3391
309		2140		1372580		3400
310		2113		1377020		3386
311		2070		1381417		3410
312		2087		1385809		3404
313		2105		1390264		3420
314		2092		1394700		3402
315		2145		1399102		3403
316		2108		1403502		3407
317		2068		1407942		3385
318		2047		1412390		3402
319		2046		1416812		3402
320		2011		1421266		3404
321		2024		1425689		3413
322		2045		1430139		3400
323		2023		1434577		3398
324		2022		1438983		3388
325		2054		1443414		3405
326		2040		1447842		3410
327		2025		1452273		3393
328		1999		1456704		3393
329		1980		1461129		3396
330		2029		1465531		3380
331		2065		1469945		3389
332		2073		1474347		3392
333		2018		1478788		3374
334		1986		1483216		3429
335		1971		1487636		3409
336		1973		1492060		3423
337		1936		1496472		3389
338		1953		1500859		3413
339		1937		1505287		3382
340		1909		1509708		3402
341		1937		1514125		3403
342		1964		1518546		3390
343		1916		1522932		3417
344		1910		1527348		3412
345		1937		1531772		3396
346		1950		1536215		3408
347		1930		1540648		3385
348		1921		1545084		3405
349		1940		1549516		3402
350		1900		1553902		3393
351		1951		1558294		3389
352		1945		1562698		3416
353		1966		1567106		3404
354		1964		1571510		3401
355		1957		1575941		3433
356		1949		1580379		3414
357		1957		1584792		3395
358		1899		1589185		3401
359		1941		1593625		3402
360		1949		1598026		3418
361		1947		1602459		3419
362		1951		1606852		3413
363		1923		1611275		3392
364		1939		1615696		3411
365		1944		1620154		3415
366		1993		1624582		3397
367		2023		1629014		3410
368		2002		1633459		3421
369		2014		1637900		3422
370		1980		1642311		3421
371		1977		1646748		3414
372		1951		1651190		3408
373		1967		1655647		3400
374		1955		1660078		3396
375		1943		1664492		3412
376		1970		1668912		3418
377		1938		1673351		3409
378		1945		1677754		3401
379		1944		1682159		3406
380		1910		1686580		3402
381		1933		1691025		3436
382		1910		1695457		3396
383		1960		1699887		3399
384		1961		1704317		3422
385		1886		1708725		3439
386		1867		1713170		3403
387		1910		1717620		3424
388		1911		1722048		3433
389		1912		1726464		3401
390		1895		1730878		3417
391		1873		1735313		3409
392		1885		1739750		3396
393		1847		1744189		3434
394		1873		1748605		3415
395		1888		1753000		3416
396		1805		1757404		3406
397		1827		1761816		3396
398		1883		1766245		3377
399		1905		1770670		3394
400		1919		1775106		3393
401		1946		1779555		3402
402		1939		1783995		3420
403		1943		1788400		3438
404		1954		1792832		3430
405		1909		1797261		3424
406		1919		1801695		3423
407		1912		1806128		3402
408		1906		1810545		3413
409		1865		1814988		3428
410		1868		1819408		3432
411		1876		1823818		3419
412		1862		1828243		3426
413		1824		1832685		3424
414		1863		1837098		3434
415		1844		1841528		3439
416		1842		1845972		3427
417		1838		1850402		3425
418		1848		1854817		3418
419		1838		1859243		3425
420		1821		1863645		3415
421		1768		1868080		3415
422		1822		1872503		3414
423		1811		1876925		3407
424		1749		1881344		3415
425		1782		1885791		3424
426		1752		1890233		3441
427		1793		1894687		3429
428		1795		1899112		3406
429		1814		1903525		3426
430		1782		1907963		3420
431		1777		1912401		3435
432		1798		1916812		3426
433		1831		1921225		3421
434		1779		1925667		3424
435		1800		1930066		3424
436		1855		1934485		3397
437		1814		1938887		3418
438		1804		1943319		3435
439		1821		1947749		3422
440		1825		1952166		3428
441		1814		1956567		3407
442		1808		1960989		3413
443		1795		1965400		3428
444		1807		1969809		3406
445		1802		1974259		3413
446		1825		1978689		3398
447		1832		1983124		3416
448		1853		1987563		3411
449		1848		1991992		3419
450		1895		1996441		3426
451		1845		2000893		3427
452		1866		2005319		3424
453		1864		2009712		3415
454		1827		2014143		3428
455		1836		2018578		3418
456		1851		2022991		3425
457		1845		2027419		3407
458		1877		2031835		3424
459		1860		2036269		3435
460		1861		2040712		3425
461		1874		2045131		3422
462		1834		2049560		3421
463		1835		2053984		3424
464		1910		2058416		3430
465		1908		2062852		3431
466		1898		2067266		3436
467		1870		2071737		3428
468		1852		2076174		3420
469		1835		2080618		3436
470		1852		2085065		3431
471		1855		2089494		3417
472		1821		2093939		3428
473		1748		2098347		3428
474		1766		2102794		3424
475		1750		2107227		3431
476		1760		2111650		3442
477		1722		2116075		3433
478		1730		2120501		3449
479		1744		2124948		3425
480		1747		2129396		3426
481		1711		2133822		3422
482		1737		2138215		3430
483		1703		2142624		3441
484		1724		2147026		3443
485		1709		2151421		3433
486		1701		2155868		3436
487		1733		2160281		3427
488		1704		2164711		3432
489		1682		2169137		3422
490		1696		2173542		3446
491		1742		2177973		3432
492		1708		2182380		3439
493		1695		2186812		3430
494		1713		2191236		3443
495		1712		2195673		3445
496		1708		2200102		3431
497		1709		2204529		3442
498		1691		2208948		3452
499		1691		2213364		3456
500		1673		2217805		3423
501		1678		2222240		3438
502		1630		2226647		3436
503		1661		2231084		3433
504		1671		2235477		3429
505		1692		2239910		3447
506		1686		2244343		3431
507		1688		2248746		3415
508		1665		2253192		3436
509		1661		2257620		3456
510		1700		2262047		3450
511		1733		2266464		3433
512		1728		2270900		3446
513		1736		2275341		3471
514		1713		2279786		3466
515		1718		2284201		3468
516		1697		2288613		3458
517		1691		2293037		3464
518		1652		2297457		3463
519		1698		2301896		3455
520		1701		2306301		3447
521		1724		2310750		3433
522		1690		2315171		3456
523		1702		2319608		3467
524		1699		2324034		3465
525		1693		2328450		3438
526		1692		2332855		3458
527		1664		2337266		3445
528		1676		2341702		3449
529		1642		2346115		3450
530		1713		2350540		3440
531		1715		2354974		3443
532		1746		2359385		3438
533		1726		2363799		3438
534		1717		2368233		3448
535		1739		2372666		3443
536		1742		2377124		3442
537		1759		2381597		3462
538		1717		2386002		3449
539		1737		2390459		3434
540		1753		2394890		3451
541		1768		2399313		3451
542		1747		2403743		3451
543		1731		2408165		3434
544		1733		2412590		3440
545		1671		2417009		3438
546		1717		2421442		3442
547		1695		2425880		3463
548		1686		2430305		3447
549		1666		2434751		3442
550		1671		2439149		3459
551		1644		2443558		3450
552		1617		2447975		3437
553		1681		2452415		3445
554		1652		2456869		3440
555		1628		2461297		3429
556		1664		2465725		3437
557		1656		2470125		3417
558		1640		2474550		3428
559		1602		2478962		3436
560		1581		2483380		3426
561		1603		2487767		3433
562		1626		2492218		3434
563		1625		2496640		3437
564		1650		2501075		3443
565		1585		2505515		3422
566		1607		2509942		3419
567		1619		2514360		3429
568		1582		2518777		3428
569		1603		2523167		3451
570		1593		2527599		3439
571		1613		2532027		3445
572		1590		2536448		3434
573		1576		2540875		3440
574		1600		2545269		3443
575		1555		2549705		3447
576		1619		2554139		3440
577		1626		2558561		3441
578		1614		2562993		3436
579		1594		2567433		3449
580		1600		2571868		3434
581		1613		2576319		3444
582		1605		2580757		3440
583		1604		2585163		3434
584		1644		2589598		3445
585		1649		2593985		3442
586		1640		2598392		3454
587		1628		2602783		3460
588		1605		2607226		3466
589		1608		2611649		3442
590		1614		2616058		3448
591		1649		2620485		3421
592		1620		2624891		3456
593		1621		2629300		3412
594		1616		2633728		3436
595		1585		2638144		3423
596		1626		2642581		3417
597		1664		2647014		3414
598		1645		2651428		3413
599		1646		2655850		3436
600		1648		2660294		3414
601		1663		2664728		3427
602		1681		2669125		3447
603		1648		2673545		3431
604		1609		2678011		3429
605		1620		2682440		3446
606		1616		2686874		3452
607		1590		2691318		3458
608		1584		2695756		3448
609		1583		2700171		3445
610		1594		2704569		3442
611		1612		2708997		3442
612		1604		2713426		3440
613		1611		2717853		3444
614		1608		2722274		3449
615		1643		2726693		3443
616		1637		2731093		3454
617		1629		2735541		3448
618		1630		2739960		3416
619		1617		2744355		3417
620		1666		2748764		3418
621		1668		2753161		3430
622		1663		2757617		3432
623		1701		2762039		3447
624		1707		2766483		3448
625		1656		2770900		3440
626		1682		2775335		3455
627		1658		2779772		3413
628		1634		2784213		3434
629		1632		2788652		3433
630		1650		2793068		3450
631		1653		2797530		3454
632		1656		2801964		3440
633		1590		2806374		3422
634		1602		2810802		3434
635		1615		2815215		3449
636		1625		2819641		3449
637		1636		2824055		3449
638		1589		2828473		3441
639		1563		2832914		3466
640		1585		2837356		3441
641		1603		2841778		3436
642		1620		2846191		3450
643		1625		2850648		3447
644		1615		2855067		3431
645		1590		2859508		3451
646		1561		2863913		3447
647		1571		2868324		3436
648		1581		2872748		3447
649		1543		2877163		3438
650		1533		2881559		3431
651		1549		2885991		3436
652		1512		2890432		3441
653		1505		2894884		3444
654		1512		2899289		3436
655		1521		2903713		3447
656		1526		2908139		3447
657		1543		2912573		3430
658		1547		2916984		3444
659		1564		2921423		3442
660		1584		2925839		3449
661		1564		2930251		3429
662		1514		2934665		3425
663		1512		2939088		3446
664		1567		2943530		3459
665		1557		2947948		3452
666		1569		2952347		3432
667		1621		2956797		3438
668		1580		2961215		3435
669		1574		2965665		3452
670		1572		2970098		3453
671		1554		2974531		3457
672		1585		2978968		3461
673		1561		2983411		3458
674		1575		2987847		3450
675		1571		2992286		3449
676		1566		2996708		3465
677		1565		3001135		3471
678		1552		3005576		3455
679		1550		3010002		3471
680		1558		3014433		3466
681		1605		3018873		3450
682		1561		3023293		3451
683		1534		3027724		3456
684		1564		3032157		3448
685		1532		3036591		3431
686		1520		3041047		3445
687		1527		3045485		3446
688		1543		3049906		3450
689		1543		3054337		3463
690		1557		3058789		3463
691		1572		3063217		3447
692		1599		3067634		3459
693		1572		3072045		3455
694		1575		3076466		3464
695		1593		3080914		3436
696		1590		3085358		3439
697		1573		3089792		3460
698		1583		3094211		3450
699		1590		3098646		3456
700		1559		3103051		3452
701		1573		3107479		3478
702		1594		3111957		3462
703		1590		3116385		3457
704		1571		3120826		3468
705		1574		3125277		3464
706		1530		3129707		3456
707		1558		3134139		3466
708		1564		3138564		3443
709		1603		3143026		3476
710		1555		3147478		3474
711		1518		3151932		3449
712		1523		3156332		3450
713		1505		3160765		3453
714		1500		3165229		3456
715		1495		3169655		3458
716		1478		3174080		3470
717		1462		3178498		3464
718		1485		3182926		3467
719		1510		3187335		3466
720		1501		3191755		3470
721		1503		3196182		3455
722		1479		3200602		3457
723		1491		3205070		3450
724		1485		3209509		3460
725		1488		3213921		3462
726		1486		3218358		3453
727		1490		3222772		3458
728		1494		3227220		3442
729		1499		3231656		3444
730		1495		3236069		3465
731		1524		3240529		3452
732		1492		3244972		3464
733		1478		3249382		3474
734		1511		3253819		3477
735		1502		3258257		3461
736		1536		3262686		3455
737		1570		3267107		3475
738		1576		3271546		3457
739		1553		3275979		3445
740		1537		3280389		3464
741		1530		3284799		3466
742		1533		3289243		3462
743		1505		3293689		3455
744		1501		3298094		3456
745		1488		3302514		3465
746		1487		3306956		3452
747		1492		3311351		3453
748		1470		3315784		3456
749		1452		3320226		3456
750		1455		3324664		3461
751		1474		3329113		3457
752		1469		3333528		3462
753		1491		3337952		3451
754		1496		3342389		3461
755		1507		3346824		3474
756		1474		3351262		3472
757		1454		3355711		3471
758		1459		3360118		3448
759		1469		3364564		3462
760		1471		3368977		3439
761		1451		3373398		3461
762		1478		3377834		3467
763		1444		3382255		3449
764		1460		3386711		3463
765		1458		3391156		3468
766		1454		3395576		3473
767		1407		3399990		3479
768		1424		3404423		3469
769		1420		3408854		3464
770		1420		3413286		3470
771		1421		3417740		3455
772		1425		3422180		3455
773		1435		3426632		3457
774		1436		3431078		3456
775		1436		3435511		3446
776		1420		3439943		3460
777		1421		3444400		3454
778		1404		3448810		3464
779		1406		3453248		3444
780		1415		3457682		3461
781		1407		3462101		3461
782		1427		3466519		3451
783		1433		3470961		3442
784		1440		3475396		3449
785		1457		3479863		3445
786		1433		3484260		3458
787		1450		3488710		3448
788		1480		3493155		3446
789		1500		3497580		3446
790		1438		3501993		3437
791		1454		3506428		3454
792		1466		3510831		3454
793		1411		3515260		3464
794		1407		3519684		3469
795		1410		3524110		3470
796		1407		3528504		3461
797		1448		3532928		3457
798		1469		3537358		3461
799		1466		3541782		3455
800		1445		3546222		3460
801		1448		3550663		3463
802		1464		3555053		3457
803		1457		3559451		3459
804		1430		3563869		3456
805		1452		3568284		3477
806		1451		3572728		3478
807		1384		3577140		3478
808		1410		3581581		3485
809		1431		3586009		3482
810		1394		3590447		3488
811		1371		3594871		3477
812		1368		3599306		3462
813		1384		3603735		3467
814		1387		3608161		3472
815		1387		3612582		3468
816		1409		3617011		3474
817		1407		3621444		3460
818		1385		3625878		3459
819		1378		3630312		3469
820		1350		3634768		3481
821		1387		3639194		3479
822		1397		3643621		3477
823		1391		3648036		3463
824		1389		3652423		3483
825		1412		3656845		3477
826		1391		3661267		3468
827		1393		3665690		3463
828		1394		3670123		3477
829		1429		3674554		3473
830		1410		3678998		3476
831		1393		3683426		3481
832		1397		3687839		3472
833		1423		3692258		3489
834		1435		3696712		3481
835		1441		3701172		3462
836		1452		3705602		3458
837		1433		3710034		3459
838		1411		3714473		3456
839		1415		3718898		3456
840		1403		3723332		3458
841		1408		3727793		3464
842		1398		3732247		3464
843		1384		3736670		3460
844		1367		3741102		3447
845		1386		3745512		3456
846		1350		3749967		3468
847		1363		3754386		3460
848		1353		3758794		3471
849		1352		3763221		3446
850		1398		3767664		3466
851		1388		3772088		3454
852		1370		3776509		3453
853		1336		3780933		3456
854		1359		3785375		3466
855		1350		3789793		3474
856		1315		3794220		3458
857		1330		3798672		3447
858		1324		3803086		3442
859		1282		3807525		3450
860		1317		3811937		3449
861		1328		3816390		3458
862		1325		3820842		3457
863		1348		3825273		3456
864		1340		3829692		3471
865		1328		3834141		3458
866		1328		3838558		3455
867		1323		3843007		3470
868		1349		3847456		3461
869		1355		3851888		3448
870		1365		3856338		3455
871		1354		3860755		3463
872		1368		3865174		3458
873		1385		3869641		3458
874		1375		3874068		3466
875		1352		3878503		3452
876		1356		3882957		3458
877		1371		3887392		3476
878		1385		3891812		3472
879		1358		3896260		3452
880		1358		3900715		3463
881		1352		3905162		3484
882		1376		3909596		3470
883		1381		3914032		3471
884		1398		3918459		3477
885		1345		3922904		3479
886		1351		3927317		3482
887		1361		3931758		3483
888		1354		3936175		3474
889		1394		3940579		3475
890		1364		3944997		3452
891		1357		3949412		3467
892		1349		3953861		3469
893		1373		3958306		3473
894		1393		3962734		3464
895		1390		3967186		3470
896		1384		3971636		3467
897		1407		3976091		3468
898		1395		3980519		3467
899		1373		3984962		3472
900		1401		3989394		3480
901		1390		3993808		3478
902		1401		3998222		3466
903		1423		4002672		3464
904		1427		4007109		3456
905		1431		4011550		3452
906		1445		4015961		3470
907		1429		4020398		3467
908		1409		4024846		3459
909		1397		4029295		3468
910		1388		4033731		3464
911		1423		4038153		3450
912		1400		4042584		3464
913		1405		4047037		3447
914		1403		4051461		3454
915		1412		4055889		3462
916		1412		4060347		3461
917		1400		4064781		3462
918		1391		4069237		3462
919		1435		4073671		3463
920		1486		4078123		3468
921		1474		4082556		3454
922		1460		4086983		3484
923		1462		4091435		3460
924		1505		4095878		3465
925		1489		4100313		3472
926		1440		4104742		3481
927		1472		4109167		3491
928		1471		4113586		3480
929		1482		4117997		3473
930		1498		4122435		3481
931		1503		4126839		3482
932		1512		4131301		3465
933		1517		4135731		3482
934		1503		4140152		3468
935		1488		4144554		3473
936		1487		4148984		3492
937		1501		4153424		3458
938		1508		4157879		3480
939		1507		4162282		3447
940		1490		4166730		3480
941		1485		4171153		3469
942		1443		4175592		3458
943		1455		4180020		3458
944		1465		4184489		3464
945		1440		4188931		3460
946		1427		4193375		3458
947		1410		4197798		3475
948		1423		4202227		3482
949		1441		4206684		3469
950		1409		4211114		3459
951		1388		4215552		3475
952		1387		4220013		3475
953		1376		4224446		3483
954		1384		4228878		3480
955		1370		4233325		3475
956		1384		4237736		3470
957		1345		4242145		3461
958		1395		4246565		3456
959		1384		4250982		3474
960		1393		4255409		3455
961		1394		4259831		3465
962		1358		4264282		3487
963		1365		4268738		3512
964		1370		4273156		3483
965		1368		4277598		3477
966		1383		4282044		3477
967		1395		4286491		3488
968		1400		4290935		3476
969		1352		4295353		3484
970		1374		4299804		3482
971		1406		4304210		3460
972		1411		4308653		3473
973		1443		4313082		3469
974		1444		4317502		3458
975		1455		4321925		3457
976		1452		4326339		3467
977		1448		4330772		3466
978		1448		4335183		3479
979		1452		4339640		3478
980		1471		4344079		3455
981		1493		4348501		3455
982		1441		4352938		3470
983		1456		4357395		3449
984		1459		4361841		3454
985		1442		4366256		3464
986		1464		4370697		3471
987		1457		4375144		3458
988		1407		4379584		3454
989		1418		4384024		3476
990		1453		4388456		3455
991		1420		4392866		3460
992		1406		4397298		3457
993		1423		4401743		3468
994		1446		4406203		3458
995		1394		4410623		3456
996		1437		4415074		3454
997		1451		4419526		3465
998		1457		4423981		3460
999		1455		4428425		3453
