# Migration is number of nodes that have changed color.

Round		Edge-Cut		Swaps		Migrations		Skipped
0		8799		4665		3071
1		8041		9279		3127
2		7556		13863		3144
3		7159		18431		3181
4		6900		22968		3203
5		6723		27490		3255
6		6517		32020		3255
7		6323		36468		3241
8		6162		40950		3253
9		6028		45442		3254
10		6003		49943		3311
11		5764		54440		3282
12		5720		58915		3322
13		5596		63371		3342
14		5611		67842		3318
15		5529		72321		3335
16		5409		76813		3341
17		5348		81316		3343
18		5326		85792		3339
19		5175		90275		3351
20		5082		94729		3369
21		4981		99161		3354
22		4948		103609		3361
23		4866		108064		3358
24		4804		112541		3366
25		4787		116967		3323
26		4738		121420		3365
27		4640		125863		3355
28		4620		130332		3382
29		4588		134796		3339
30		4550		139250		3334
31		4474		143704		3356
32		4382		148133		3327
33		4394		152579		3330
34		4404		157022		3348
35		4334		161475		3364
36		4248		165929		3385
37		4196		170363		3370
38		4207		174813		3379
39		4266		179281		3361
40		4155		183699		3383
41		4087		188140		3394
42		4098		192600		3355
43		4050		197025		3376
44		4014		201463		3369
45		3969		205891		3389
46		3997		210332		3413
47		3906		214757		3387
48		3897		219175		3364
49		3875		223613		3407
50		3838		228053		3381
51		3799		232500		3376
52		3789		236939		3356
53		3683		241366		3376
54		3662		245783		3385
55		3647		250180		3385
56		3664		254588		3400
57		3661		258987		3368
58		3658		263436		3371
59		3634		267831		3378
60		3604		272260		3385
61		3560		276672		3358
62		3554		281088		3375
63		3540		285500		3377
64		3555		289920		3363
65		3522		294354		3381
66		3491		298793		3369
67		3460		303208		3357
68		3440		307587		3379
69		3385		311971		3369
70		3404		316368		3368
71		3439		320759		3348
72		3461		325167		3363
73		3371		329606		3365
74		3346		334007		3358
75		3328		338418		3371
76		3268		342811		3366
77		3264		347220		3392
78		3323		351661		3379
79		3292		356079		3389
80		3287		360505		3374
81		3306		364952		3361
82		3337		369376		3368
83		3219		373789		3369
84		3172		378216		3398
85		3158		382646		3379
86		3204		387054		3372
87		3228		391471		3398
88		3136		395896		3363
89		3157		400272		3365
90		3211		404671		3367
91		3180		409095		3396
92		3144		413518		3400
93		3101		417897		3367
94		3086		422292		3375
95		3066		426716		3373
96		3068		431137		3372
97		3072		435574		3389
98		2985		439991		3387
99		2985		444399		3392
100		2954		448804		3414
101		2917		453182		3392
102		2974		457594		3397
103		2951		462020		3381
104		2940		466451		3382
105		2990		470886		3394
106		2950		475311		3364
107		2938		479713		3388
108		2898		484129		3392
109		2887		488519		3358
110		2901		492939		3413
111		2883		497362		3405
112		2908		501778		3396
113		2884		506207		3384
114		2869		510628		3405
115		2804		515032		3399
116		2772		519477		3395
117		2756		523881		3405
118		2731		528296		3419
119		2703		532733		3414
120		2746		537145		3433
121		2733		541573		3418
122		2753		545995		3409
123		2702		550432		3425
124		2706		554865		3394
125		2690		559280		3410
126		2699		563697		3415
127		2680		568118		3425
128		2731		572547		3389
129		2729		576981		3401
130		2647		581381		3405
131		2664		585818		3422
132		2662		590228		3401
133		2648		594662		3393
134		2681		599117		3402
135		2660		603515		3406
136		2654		607939		3421
137		2609		612359		3422
138		2572		616777		3418
139		2582		621220		3402
140		2523		625637		3424
141		2539		630054		3398
142		2623		634458		3414
143		2620		638889		3417
144		2590		643316		3429
145		2574		647716		3399
146		2575		652149		3380
147		2530		656536		3382
148		2491		660959		3400
149		2503		665383		3401
150		2504		669827		3412
151		2485		674269		3395
152		2494		678739		3390
153		2503		683135		3426
154		2524		687578		3428
155		2518		692009		3413
156		2510		696429		3413
157		2484		700885		3420
158		2514		705304		3414
159		2557		709713		3418
160		2489		714163		3396
161		2454		718585		3411
162		2436		722996		3382
163		2441		727407		3419
164		2458		731806		3404
165		2439		736229		3404
166		2438		740639		3398
167		2436		745059		3401
168		2388		749489		3389
169		2429		753880		3395
170		2473		758281		3402
171		2491		762683		3403
172		2496		767111		3400
173		2441		771520		3411
174		2459		775963		3398
175		2436		780364		3417
176		2478		784781		3430
177		2448		789211		3423
178		2454		793652		3445
179		2434		798066		3440
180		2396		802496		3440
181		2383		806905		3446
182		2416		811307		3421
183		2436		815720		3408
184		2385		820155		3436
185		2357		824562		3421
186		2379		829018		3420
187		2379		833421		3438
188		2323		837821		3422
189		2302		842238		3426
190		2341		846661		3403
191		2322		851084		3413
192		2327		855503		3421
193		2344		859932		3407
194		2359		864383		3393
195		2315		868793		3407
196		2337		873241		3411
197		2349		877670		3418
198		2310		882087		3416
199		2295		886502		3406
200		2295		890887		3419
201		2305		895288		3420
202		2293		899709		3441
203		2313		904123		3391
204		2343		908542		3406
205		2322		912974		3417
206		2377		917390		3424
207		2309		921814		3433
208		2315		926206		3410
209		2327		930649		3416
210		2344		935066		3417
211		2314		939479		3423
212		2293		943867		3420
213		2303		948286		3431
214		2275		952698		3431
215		2245		957117		3420
216		2302		961526		3421
217		2349		965928		3445
218		2287		970340		3440
219		2263		974740		3429
220		2336		979171		3421
221		2270		983622		3434
222		2275		988059		3445
223		2294		992479		3460
224		2282		996929		3432
225		2279		1001382		3436
226		2260		1005772		3430
227		2250		1010192		3454
228		2248		1014620		3463
229		2253		1019020		3471
230		2239		1023436		3452
231		2222		1027860		3443
232		2204		1032299		3450
233		2169		1036726		3452
234		2193		1041141		3436
235		2160		1045554		3437
236		2184		1049984		3467
237		2155		1054400		3473
238		2170		1058810		3450
239		2121		1063219		3453
240		2139		1067647		3450
241		2140		1072076		3452
242		2132		1076494		3430
243		2107		1080910		3454
244		2120		1085321		3475
245		2134		1089756		3457
246		2122		1094194		3451
247		2159		1098591		3438
248		2146		1103022		3456
249		2114		1107442		3451
250		2093		1111829		3440
251		2076		1116229		3453
252		2134		1120631		3447
253		2101		1125038		3454
254		2119		1129478		3466
255		2082		1133888		3466
256		2089		1138303		3462
257		2079		1142743		3444
258		2108		1147160		3442
259		2083		1151563		3454
260		2069		1155965		3436
261		2022		1160401		3451
262		2043		1164816		3455
263		2014		1169239		3455
264		2068		1173662		3446
265		2064		1178062		3445
266		2042		1182487		3442
267		2009		1186909		3440
268		2046		1191332		3459
269		1997		1195768		3442
270		2054		1200205		3465
271		2000		1204626		3458
272		2009		1209018		3471
273		2003		1213478		3456
274		2042		1217919		3454
275		2003		1222309		3442
276		2017		1226720		3453
277		1998		1231099		3446
278		2032		1235551		3449
279		2067		1239973		3468
280		2037		1244411		3447
281		2046		1248808		3463
282		2041		1253220		3453
283		2036		1257632		3474
284		2035		1262013		3470
285		2025		1266408		3457
286		2057		1270866		3446
287		2075		1275261		3455
288		2049		1279694		3446
289		2064		1284115		3446
290		2055		1288511		3468
291		2058		1292927		3443
292		2043		1297383		3450
293		2018		1301810		3436
294		2056		1306225		3437
295		2043		1310645		3426
296		2061		1315061		3448
297		2078		1319503		3434
298		2084		1323918		3436
299		2067		1328354		3446
300		2111		1332787		3422
301		2066		1337199		3449
302		2071		1341609		3440
303		2102		1346037		3436
304		2024		1350490		3430
305		2055		1354918		3440
306		2095		1359344		3446
307		2047		1363750		3452
308		2075		1368188		3440
309		2073		1372647		3457
310		2106		1377079		3434
311		2051		1381489		3452
312		2059		1385922		3416
313		2095		1390364		3450
314		2111		1394790		3454
315		2123		1399206		3450
316		2096		1403653		3421
317		2070		1408081		3445
318		2137		1412505		3446
319		2122		1416945		3427
320		2113		1421358		3437
321		2136		1425791		3438
322		2114		1430216		3432
323		2100		1434630		3452
324		2120		1439037		3437
325		2075		1443451		3459
326		2051		1447871		3460
327		2027		1452243		3457
328		2029		1456663		3452
329		2097		1461081		3463
330		2058		1465520		3469
331		2083		1469916		3461
332		2094		1474354		3456
333		2101		1478772		3431
334		2053		1483192		3443
335		2030		1487598		3434
336		2005		1492016		3436
337		2020		1496438		3447
338		2052		1500882		3443
339		2045		1505289		3433
340		2024		1509723		3459
341		1992		1514126		3438
342		1990		1518577		3445
343		2020		1522999		3427
344		2028		1527438		3416
345		2061		1531861		3412
346		2119		1536294		3410
347		2116		1540708		3422
348		2046		1545124		3429
349		2102		1549528		3426
350		2094		1553934		3455
351		2062		1558356		3449
352		2084		1562788		3427
353		2119		1567212		3446
354		2060		1571607		3427
355		2054		1576032		3422
356		2022		1580452		3449
357		1997		1584903		3421
358		2021		1589306		3453
359		2005		1593722		3449
360		1995		1598142		3440
361		1995		1602567		3423
362		2010		1606973		3430
363		2044		1611427		3435
364		1997		1615849		3427
365		1998		1620274		3421
366		1991		1624687		3428
367		2012		1629102		3437
368		1992		1633541		3450
369		1948		1637945		3444
370		1994		1642347		3435
371		1986		1646773		3435
372		2037		1651204		3446
373		2002		1655613		3432
374		2015		1660019		3440
375		2032		1664432		3427
376		2033		1668824		3425
377		2011		1673243		3454
378		2037		1677657		3444
379		2002		1682073		3428
380		1979		1686482		3438
381		2011		1690888		3441
382		1950		1695329		3445
383		1927		1699738		3447
384		1937		1704152		3462
385		1905		1708571		3460
386		1948		1712985		3434
387		1944		1717418		3450
388		1971		1721824		3446
389		1944		1726267		3450
390		1994		1730719		3458
391		2006		1735142		3461
392		1973		1739579		3444
393		1962		1744002		3442
394		1933		1748438		3443
395		1922		1752858		3448
396		1947		1757275		3449
397		1894		1761664		3463
398		1915		1766067		3461
399		1944		1770498		3465
400		1926		1774906		3451
401		1949		1779310		3446
402		1902		1783739		3466
403		1909		1788141		3460
404		1940		1792541		3446
405		1893		1796964		3450
406		1897		1801391		3451
407		1882		1805822		3460
408		1881		1810238		3464
409		1873		1814651		3455
410		1885		1819081		3457
411		1865		1823499		3474
412		1908		1827914		3434
413		1899		1832324		3449
414		1913		1836708		3450
415		1889		1841154		3424
416		1864		1845581		3429
417		1853		1850006		3448
418		1863		1854446		3449
419		1828		1858884		3468
420		1862		1863305		3450
421		1845		1867731		3448
422		1822		1872165		3447
423		1811		1876582		3468
424		1865		1880996		3440
425		1836		1885405		3454
426		1839		1889830		3464
427		1843		1894261		3451
428		1937		1898695		3443
429		1877		1903127		3466
430		1847		1907539		3471
431		1826		1911955		3477
432		1788		1916359		3431
433		1832		1920790		3457
434		1799		1925173		3441
435		1796		1929619		3440
436		1811		1934030		3449
437		1846		1938471		3460
438		1842		1942884		3473
439		1850		1947322		3468
440		1881		1951760		3461
441		1838		1956190		3466
442		1809		1960597		3484
443		1828		1964994		3467
444		1871		1969397		3472
445		1800		1973813		3472
446		1827		1978222		3461
447		1880		1982659		3464
448		1851		1987051		3457
449		1831		1991453		3469
450		1828		1995860		3469
451		1854		2000266		3462
452		1831		2004707		3475
453		1822		2009125		3437
454		1799		2013540		3455
455		1830		2017926		3468
456		1834		2022332		3474
457		1800		2026790		3471
458		1859		2031210		3484
459		1843		2035645		3462
460		1808		2040093		3464
461		1786		2044539		3469
462		1794		2048929		3469
463		1827		2053324		3461
464		1829		2057743		3457
465		1833		2062176		3444
466		1886		2066601		3447
467		1883		2071018		3453
468		1897		2075436		3422
469		1917		2079872		3452
470		1900		2084299		3446
471		1890		2088735		3447
472		1907		2093156		3438
473		1890		2097607		3436
474		1903		2102014		3447
475		1867		2106396		3448
476		1840		2110810		3458
477		1824		2115224		3468
478		1814		2119645		3478
479		1791		2124062		3455
480		1828		2128490		3474
481		1766		2132920		3464
482		1788		2137318		3449
483		1781		2141746		3463
484		1811		2146176		3473
485		1833		2150603		3460
486		1867		2155006		3450
487		1887		2159407		3451
488		1914		2163822		3459
489		1851		2168233		3456
490		1847		2172627		3470
491		1811		2177069		3459
492		1794		2181470		3459
493		1826		2185857		3444
494		1865		2190280		3453
495		1857		2194740		3460
496		1835		2199149		3463
497		1804		2203578		3459
498		1791		2207993		3455
499		1813		2212429		3452
500		1810		2216842		3472
501		1804		2221248		3457
502		1836		2225670		3437
503		1812		2230090		3451
504		1813		2234468		3469
505		1771		2238883		3455
506		1757		2243307		3448
507		1719		2247717		3465
508		1772		2252144		3463
509		1787		2256580		3452
510		1786		2260991		3443
511		1824		2265377		3444
512		1822		2269826		3457
513		1819		2274263		3446
514		1832		2278687		3468
515		1842		2283103		3458
516		1897		2287512		3469
517		1858		2291941		3473
518		1853		2296363		3465
519		1821		2300763		3457
520		1819		2305183		3440
521		1759		2309600		3470
522		1764		2314030		3451
523		1773		2318451		3455
524		1797		2322879		3457
525		1771		2327300		3470
526		1766		2331745		3475
527		1755		2336188		3486
528		1739		2340602		3482
529		1716		2345034		3468
530		1764		2349446		3479
531		1731		2353902		3483
532		1706		2358304		3479
533		1700		2362688		3471
534		1711		2367128		3467
535		1705		2371555		3469
536		1683		2375974		3471
537		1697		2380377		3451
538		1754		2384785		3463
539		1734		2389204		3461
540		1724		2393643		3470
541		1704		2398081		3467
542		1732		2402493		3479
543		1761		2406913		3472
544		1737		2411346		3463
545		1713		2415740		3455
546		1716		2420169		3450
547		1734		2424616		3468
548		1735		2429035		3468
549		1722		2433456		3477
550		1688		2437845		3466
551		1698		2442254		3462
552		1676		2446667		3446
553		1694		2451076		3457
554		1684		2455503		3466
555		1711		2459967		3450
556		1739		2464398		3438
557		1769		2468847		3453
558		1746		2473287		3462
559		1776		2477695		3466
560		1781		2482132		3447
561		1811		2486568		3458
562		1805		2490976		3461
563		1802		2495396		3456
564		1782		2499822		3464
565		1815		2504236		3450
566		1803		2508664		3454
567		1826		2513096		3450
568		1813		2517495		3471
569		1810		2521921		3475
570		1817		2526351		3467
571		1804		2530752		3469
572		1826		2535161		3458
573		1850		2539577		3464
574		1840		2544047		3459
575		1847		2548479		3473
576		1830		2552896		3480
577		1851		2557291		3469
578		1814		2561731		3468
579		1804		2566140		3482
580		1808		2570576		3482
581		1790		2574997		3492
582		1807		2579434		3464
583		1822		2583861		3478
584		1826		2588292		3485
585		1863		2592699		3491
586		1837		2597121		3486
587		1818		2601578		3490
588		1813		2606008		3474
589		1817		2610450		3464
590		1804		2614865		3456
591		1828		2619271		3472
592		1871		2623694		3466
593		1865		2628103		3477
594		1874		2632528		3461
595		1861		2636961		3477
596		1857		2641378		3465
597		1836		2645804		3465
598		1836		2650238		3485
599		1858		2654676		3482
600		1882		2659092		3482
601		1879		2663487		3462
602		1877		2667918		3468
603		1844		2672354		3470
604		1871		2676744		3476
605		1804		2681135		3465
606		1807		2685582		3479
607		1795		2690008		3478
608		1813		2694406		3465
609		1799		2698813		3470
610		1798		2703221		3464
611		1780		2707652		3465
612		1784		2712094		3470
613		1768		2716496		3447
614		1756		2720906		3469
615		1756		2725339		3458
616		1760		2729787		3464
617		1773		2734225		3458
618		1738		2738665		3457
619		1695		2743065		3474
620		1708		2747480		3473
621		1754		2751884		3486
622		1749		2756297		3452
623		1721		2760714		3467
624		1728		2765155		3458
625		1721		2769599		3462
626		1724		2774030		3460
627		1720		2778472		3452
628		1715		2782905		3463
629		1735		2787340		3478
630		1745		2791756		3490
631		1726		2796188		3491
632		1754		2800611		3495
633		1732		2805041		3477
634		1707		2809442		3482
635		1739		2813852		3485
636		1744		2818277		3483
637		1774		2822716		3453
638		1727		2827129		3478
639		1736		2831558		3470
640		1701		2835965		3476
641		1741		2840382		3479
642		1729		2844805		3466
643		1716		2849233		3488
644		1727		2853648		3476
645		1718		2858085		3465
646		1721		2862527		3465
647		1733		2866935		3481
648		1762		2871380		3480
649		1723		2875818		3471
650		1756		2880224		3477
651		1739		2884670		3468
652		1728		2889113		3464
653		1784		2893517		3480
654		1783		2897922		3484
655		1769		2902357		3474
656		1771		2906768		3471
657		1764		2911193		3464
658		1751		2915621		3488
659		1767		2920020		3477
660		1738		2924430		3496
661		1757		2928844		3496
662		1745		2933255		3490
663		1772		2937653		3481
664		1731		2942078		3474
665		1739		2946503		3486
666		1748		2950906		3479
667		1758		2955342		3480
668		1740		2959782		3477
669		1760		2964206		3481
670		1798		2968627		3473
671		1834		2973022		3473
672		1827		2977459		3466
673		1832		2981896		3461
674		1839		2986351		3474
675		1762		2990794		3468
676		1787		2995228		3467
677		1817		2999653		3470
678		1817		3004090		3475
679		1824		3008521		3447
680		1821		3012918		3454
681		1783		3017363		3462
682		1802		3021818		3444
683		1768		3026248		3472
684		1800		3030670		3474
685		1784		3035110		3460
686		1759		3039543		3457
687		1777		3043994		3476
688		1779		3048415		3466
689		1779		3052846		3474
690		1770		3057275		3478
691		1736		3061691		3467
692		1708		3066128		3459
693		1757		3070560		3442
694		1818		3074984		3452
695		1820		3079406		3459
696		1811		3083824		3481
697		1832		3088270		3476
698		1789		3092711		3472
699		1757		3097137		3459
700		1761		3101567		3449
701		1799		3106007		3443
702		1810		3110431		3473
703		1832		3114873		3464
704		1826		3119250		3466
705		1801		3123700		3457
706		1783		3128125		3464
707		1754		3132565		3458
708		1747		3136990		3447
709		1788		3141416		3450
710		1765		3145820		3457
711		1762		3150258		3445
712		1760		3154682		3449
713		1742		3159112		3452
714		1783		3163566		3451
715		1778		3167994		3472
716		1755		3172394		3438
717		1735		3176816		3425
718		1712		3181242		3437
719		1725		3185665		3445
720		1742		3190077		3434
721		1787		3194505		3452
722		1812		3198945		3457
723		1829		3203384		3458
724		1843		3207810		3452
725		1826		3212229		3458
726		1752		3216671		3438
727		1758		3221132		3446
728		1770		3225574		3449
729		1839		3229996		3444
730		1775		3234393		3446
731		1791		3238794		3449
732		1782		3243213		3452
733		1779		3247664		3456
734		1766		3252107		3456
735		1775		3256561		3450
736		1751		3260966		3450
737		1731		3265403		3466
738		1729		3269829		3454
739		1741		3274291		3459
740		1728		3278702		3470
741		1712		3283141		3466
742		1748		3287562		3457
743		1734		3292005		3447
744		1757		3296435		3457
745		1762		3300842		3461
746		1736		3305268		3449
747		1785		3309686		3447
748		1719		3314116		3462
749		1739		3318551		3449
750		1743		3322958		3448
751		1735		3327377		3457
752		1722		3331822		3445
753		1730		3336237		3443
754		1755		3340672		3454
755		1711		3345096		3454
756		1734		3349489		3460
757		1731		3353920		3454
758		1711		3358332		3435
759		1735		3362765		3445
760		1781		3367188		3443
761		1724		3371623		3450
762		1742		3376050		3459
763		1701		3380482		3462
764		1728		3384919		3441
765		1686		3389311		3463
766		1706		3393742		3457
767		1706		3398182		3455
768		1737		3402604		3443
769		1745		3407027		3450
770		1731		3411453		3448
771		1776		3415877		3455
772		1731		3420325		3457
773		1746		3424761		3442
774		1749		3429172		3486
775		1748		3433632		3461
776		1774		3438061		3450
777		1734		3442494		3474
778		1779		3446935		3462
779		1794		3451382		3467
780		1769		3455819		3476
781		1745		3460220		3469
782		1715		3464647		3485
783		1749		3469055		3474
784		1765		3473503		3466
785		1742		3477930		3476
786		1779		3482369		3467
787		1780		3486787		3457
788		1755		3491205		3473
789		1774		3495605		3459
790		1743		3500035		3470
791		1781		3504465		3484
792		1785		3508871		3463
793		1769		3513280		3471
794		1734		3517699		3477
795		1738		3522142		3493
796		1716		3526585		3470
797		1714		3531034		3462
798		1729		3535456		3494
799		1738		3539902		3471
800		1743		3544330		3477
801		1736		3548772		3483
802		1731		3553203		3478
803		1775		3557619		3470
804		1805		3562061		3487
805		1756		3566501		3457
806		1708		3570896		3483
807		1728		3575301		3466
808		1714		3579741		3474
809		1673		3584189		3473
810		1663		3588592		3470
811		1674		3593040		3468
812		1672		3597467		3446
813		1640		3601865		3462
814		1658		3606291		3447
815		1637		3610727		3451
816		1643		3615177		3456
817		1665		3619613		3483
818		1676		3624026		3470
819		1658		3628453		3468
820		1621		3632872		3457
821		1599		3637292		3468
822		1641		3641712		3474
823		1658		3646144		3475
824		1630		3650563		3472
825		1648		3654956		3473
826		1639		3659400		3463
827		1650		3663798		3449
828		1641		3668214		3451
829		1680		3672628		3460
830		1679		3677084		3446
831		1677		3681509		3459
832		1670		3685948		3458
833		1682		3690386		3445
834		1630		3694845		3455
835		1635		3699238		3449
836		1644		3703668		3443
837		1655		3708090		3461
838		1704		3712524		3445
839		1677		3716954		3439
840		1723		3721430		3452
841		1726		3725865		3454
842		1723		3730276		3476
843		1703		3734708		3458
844		1691		3739138		3459
845		1743		3743561		3475
846		1690		3747986		3461
847		1723		3752419		3469
848		1722		3756868		3450
849		1667		3761302		3456
850		1666		3765730		3459
851		1653		3770153		3474
852		1660		3774558		3466
853		1670		3778982		3463
854		1649		3783411		3469
855		1623		3787832		3467
856		1658		3792244		3467
857		1632		3796639		3463
858		1669		3801081		3477
859		1613		3805512		3476
860		1654		3809942		3471
861		1619		3814353		3488
862		1665		3818794		3472
863		1679		3823223		3473
864		1658		3827666		3462
865		1676		3832109		3466
866		1689		3836520		3478
867		1747		3840954		3497
868		1694		3845368		3481
869		1686		3849806		3478
870		1672		3854250		3485
871		1686		3858703		3470
872		1691		3863136		3468
873		1685		3867561		3470
874		1670		3871987		3474
875		1660		3876416		3479
876		1672		3880821		3464
877		1690		3885224		3458
878		1690		3889652		3487
879		1685		3894039		3475
880		1650		3898488		3494
881		1659		3902924		3480
882		1627		3907347		3480
883		1672		3911746		3471
884		1651		3916194		3496
885		1639		3920625		3481
886		1660		3925032		3476
887		1670		3929461		3476
888		1664		3933885		3462
889		1676		3938308		3461
890		1679		3942708		3466
891		1597		3947105		3446
892		1632		3951517		3453
893		1643		3955931		3439
894		1637		3960368		3455
895		1606		3964768		3455
896		1625		3969183		3455
897		1611		3973611		3447
898		1597		3978056		3462
899		1615		3982475		3468
900		1618		3986892		3478
901		1640		3991314		3480
902		1661		3995743		3476
903		1653		4000177		3481
904		1616		4004614		3477
905		1592		4009040		3478
906		1595		4013451		3480
907		1622		4017870		3484
908		1611		4022296		3503
909		1618		4026714		3494
910		1606		4031147		3481
911		1570		4035548		3490
912		1598		4039979		3488
913		1628		4044439		3467
914		1621		4048845		3480
915		1618		4053266		3482
916		1646		4057693		3493
917		1631		4062093		3486
918		1682		4066482		3485
919		1677		4070903		3483
920		1697		4075331		3467
921		1740		4079778		3495
922		1728		4084189		3483
923		1740		4088648		3480
924		1704		4093080		3491
925		1661		4097485		3487
926		1681		4101921		3479
927		1713		4106351		3484
928		1723		4110780		3487
929		1717		4115212		3490
930		1678		4119636		3493
931		1688		4124065		3460
932		1684		4128470		3469
933		1652		4132927		3475
934		1669		4137346		3472
935		1657		4141763		3465
936		1624		4146202		3472
937		1619		4150635		3467
938		1611		4155030		3460
939		1640		4159473		3483
940		1635		4163861		3468
941		1640		4168243		3480
942		1643		4172667		3462
943		1642		4177083		3470
944		1634		4181516		3465
945		1625		4185918		3470
946		1631		4190351		3476
947		1629		4194750		3473
948		1642		4199177		3473
949		1601		4203590		3476
950		1602		4208002		3457
951		1580		4212409		3469
952		1569		4216836		3474
953		1561		4221284		3472
954		1607		4225702		3463
955		1577		4230114		3460
956		1545		4234560		3477
957		1578		4238966		3462
958		1545		4243385		3479
959		1571		4247822		3469
960		1553		4252270		3477
961		1541		4256687		3473
962		1517		4261123		3489
963		1504		4265577		3475
964		1531		4270019		3477
965		1553		4274441		3469
966		1530		4278854		3450
967		1520		4283294		3465
968		1539		4287726		3473
969		1559		4292134		3472
970		1571		4296570		3462
971		1552		4300986		3466
972		1573		4305423		3480
973		1577		4309874		3467
974		1554		4314291		3474
975		1547		4318713		3488
976		1539		4323144		3487
977		1535		4327572		3474
978		1551		4331994		3481
979		1562		4336433		3482
980		1531		4340876		3478
981		1544		4345304		3461
982		1571		4349734		3469
983		1610		4354168		3485
984		1628		4358591		3475
985		1666		4363030		3472
986		1626		4367470		3479
987		1582		4371887		3468
988		1637		4376298		3469
989		1608		4380731		3473
990		1610		4385162		3476
991		1610		4389616		3471
992		1624		4394052		3465
993		1593		4398464		3479
994		1644		4402891		3473
995		1646		4407326		3484
996		1625		4411783		3489
997		1622		4416215		3470
998		1637		4420654		3470
999		1653		4425079		3471
