# Migration is number of nodes that have changed color.

Round		Edge-Cut		Swaps		Migrations		Skipped
0		8630		4650		3017
1		7807		9218		3094
2		7295		13742		3086
3		6862		18235		3125
4		6563		22711		3167
5		6322		27158		3200
6		6101		31627		3183
7		5831		36063		3221
8		5614		40494		3181
9		5498		44899		3201
10		5404		49327		3194
11		5315		53740		3210
12		5202		58120		3212
13		5068		62517		3195
14		4954		66892		3225
15		4831		71292		3205
16		4721		75656		3239
17		4629		80022		3211
18		4558		84389		3230
19		4457		88769		3209
20		4430		93128		3206
21		4343		97496		3214
22		4253		101869		3215
23		4284		106193		3233
24		4210		110570		3258
25		4116		114953		3253
26		4061		119325		3243
27		4045		123687		3253
28		4032		128054		3255
29		4023		132435		3277
30		3987		136762		3243
31		3949		141092		3228
32		3936		145443		3241
33		3860		149796		3240
34		3851		154164		3251
35		3799		158563		3251
36		3805		162936		3285
37		3772		167311		3266
38		3745		171665		3272
39		3641		176053		3278
40		3614		180405		3274
41		3604		184750		3279
42		3514		189101		3297
43		3532		193470		3298
44		3461		197841		3288
45		3463		202213		3281
46		3412		206577		3275
47		3378		210936		3269
48		3339		215295		3279
49		3342		219666		3266
50		3333		224063		3277
51		3284		228383		3289
52		3276		232786		3305
53		3282		237162		3284
54		3263		241504		3283
55		3209		245886		3288
56		3222		250232		3288
57		3166		254611		3319
58		3111		258985		3308
59		3085		263374		3288
60		3071		267739		3308
61		3093		272126		3315
62		3088		276493		3294
63		3082		280869		3301
64		3070		285245		3291
65		3053		289599		3288
66		3002		293982		3285
67		2991		298342		3295
68		2972		302676		3314
69		2977		307019		3314
70		2972		311384		3327
71		2925		315772		3328
72		2931		320139		3338
73		2884		324473		3323
74		2900		328855		3331
75		2922		333198		3336
76		2861		337564		3331
77		2894		341929		3308
78		2853		346283		3313
79		2847		350680		3329
80		2840		355026		3306
81		2783		359384		3317
82		2757		363741		3327
83		2763		368122		3307
84		2738		372512		3327
85		2702		376891		3321
86		2713		381274		3338
87		2722		385641		3341
88		2687		390024		3328
89		2676		394400		3350
90		2686		398787		3315
91		2646		403155		3318
92		2642		407540		3349
93		2656		411890		3323
94		2617		416269		3360
95		2616		420665		3334
96		2626		425053		3355
97		2586		429436		3347
98		2602		433822		3340
99		2586		438180		3345
100		2593		442571		3352
101		2611		446957		3355
102		2604		451329		3348
103		2602		455695		3351
104		2618		460084		3355
105		2625		464453		3358
106		2583		468832		3344
107		2562		473248		3352
108		2513		477609		3334
109		2475		481969		3355
110		2518		486339		3353
111		2484		490709		3345
112		2487		495077		3358
113		2492		499437		3346
114		2506		503802		3347
115		2500		508159		3341
116		2487		512545		3358
117		2452		516918		3355
118		2433		521310		3353
119		2439		525693		3358
120		2445		530057		3347
121		2406		534429		3360
122		2430		538788		3347
123		2439		543139		3348
124		2399		547555		3357
125		2384		551884		3348
126		2384		556293		3369
127		2390		560662		3373
128		2378		565059		3374
129		2345		569426		3355
130		2363		573813		3368
131		2330		578209		3356
132		2346		582587		3347
133		2338		586966		3342
134		2370		591326		3347
135		2344		595703		3346
136		2358		600060		3368
137		2330		604445		3354
138		2339		608842		3338
139		2298		613202		3340
140		2302		617587		3361
141		2299		621957		3340
142		2266		626324		3353
143		2245		630685		3356
144		2236		635058		3345
145		2252		639423		3365
146		2249		643791		3375
147		2248		648140		3362
148		2249		652534		3351
149		2250		656906		3349
150		2257		661290		3355
151		2245		665630		3351
152		2234		670008		3359
153		2235		674394		3349
154		2241		678776		3352
155		2252		683151		3353
156		2268		687535		3357
157		2269		691907		3369
158		2283		696278		3356
159		2207		700652		3358
160		2199		705031		3363
161		2214		709397		3365
162		2162		713791		3364
163		2167		718165		3358
164		2182		722532		3345
165		2169		726891		3365
166		2151		731287		3372
167		2172		735643		3368
168		2151		740034		3378
169		2161		744428		3385
170		2136		748805		3365
171		2079		753180		3372
172		2102		757535		3371
173		2115		761911		3369
174		2141		766299		3378
175		2137		770663		3373
176		2139		774998		3367
177		2151		779404		3359
178		2161		783812		3373
179		2140		788175		3379
180		2111		792564		3367
181		2122		796935		3364
182		2112		801292		3357
183		2146		805640		3372
184		2155		810025		3365
185		2134		814402		3376
186		2157		818759		3381
187		2130		823141		3369
188		2104		827546		3368
189		2127		831904		3378
190		2093		836297		3374
191		2095		840654		3384
192		2083		845057		3369
193		2083		849445		3355
194		2075		853809		3355
195		2044		858174		3366
196		2047		862536		3348
197		2031		866903		3369
198		2063		871263		3377
199		2039		875656		3362
200		2043		880054		3370
201		2041		884435		3380
202		2040		888787		3375
203		2039		893175		3374
204		2041		897561		3372
205		2056		901934		3368
206		2036		906329		3376
207		2023		910712		3384
208		2019		915095		3377
209		2039		919440		3379
210		2030		923817		3383
211		1987		928178		3386
212		1955		932536		3383
213		1944		936930		3394
214		1927		941296		3394
215		1941		945697		3403
216		1944		950073		3390
217		1970		954443		3384
218		1978		958808		3379
219		1997		963183		3383
220		1996		967545		3397
221		1990		971928		3390
222		1987		976310		3381
223		1955		980685		3390
224		1984		985060		3394
225		2005		989473		3380
226		1986		993828		3397
227		1977		998240		3395
228		1993		1002607		3385
229		1989		1007007		3408
230		1955		1011394		3384
231		1974		1015769		3394
232		1961		1020170		3394
233		1937		1024565		3388
234		1929		1028949		3402
235		1968		1033340		3398
236		1973		1037751		3391
237		1959		1042150		3410
238		1972		1046542		3422
239		1959		1050937		3396
240		1936		1055338		3390
241		1952		1059725		3396
242		1947		1064120		3382
243		1932		1068504		3395
244		1906		1072869		3396
245		1896		1077274		3388
246		1885		1081649		3376
247		1898		1086043		3379
248		1915		1090432		3382
249		1877		1094804		3387
250		1880		1099221		3390
251		1872		1103598		3385
252		1861		1107998		3394
253		1893		1112389		3379
254		1886		1116778		3383
255		1868		1121171		3405
256		1833		1125544		3412
257		1824		1129976		3391
258		1831		1134381		3406
259		1839		1138771		3391
260		1804		1143161		3390
261		1777		1147572		3391
262		1782		1151966		3391
263		1777		1156370		3385
264		1738		1160745		3391
265		1741		1165140		3376
266		1715		1169513		3391
267		1736		1173894		3388
268		1751		1178242		3389
269		1795		1182627		3385
270		1802		1187001		3396
271		1784		1191373		3408
272		1796		1195769		3404
273		1798		1200139		3393
274		1808		1204502		3387
275		1808		1208881		3392
276		1811		1213276		3386
277		1809		1217672		3376
278		1782		1222077		3379
279		1807		1226456		3384
280		1808		1230827		3389
281		1795		1235221		3374
282		1801		1239633		3393
283		1782		1244023		3383
284		1803		1248399		3379
285		1782		1252794		3383
286		1784		1257184		3387
287		1804		1261598		3385
288		1796		1265981		3373
289		1801		1270330		3368
290		1803		1274726		3382
291		1776		1279115		3380
292		1767		1283529		3392
293		1773		1287924		3392
294		1777		1292308		3385
295		1767		1296701		3371
296		1767		1301084		3395
297		1771		1305470		3394
298		1777		1309848		3407
299		1779		1314214		3393
300		1775		1318594		3376
301		1743		1322960		3397
302		1786		1327353		3405
303		1801		1331723		3389
304		1795		1336092		3402
305		1797		1340490		3422
306		1787		1344844		3399
307		1797		1349234		3410
308		1803		1353636		3401
309		1797		1358049		3407
310		1789		1362428		3406
311		1773		1366800		3408
312		1766		1371180		3390
313		1749		1375590		3385
314		1760		1379981		3397
315		1751		1384360		3390
316		1779		1388735		3380
317		1766		1393119		3398
318		1768		1397518		3384
319		1759		1401911		3381
320		1763		1406288		3382
321		1774		1410673		3378
322		1795		1415067		3382
323		1777		1419453		3378
324		1781		1423842		3379
325		1764		1428246		3376
326		1755		1432654		3397
327		1766		1437055		3377
328		1760		1441420		3369
329		1732		1445825		3384
330		1736		1450230		3383
331		1728		1454608		3390
332		1732		1459039		3377
333		1736		1463417		3374
334		1767		1467799		3390
335		1757		1472167		3388
336		1746		1476570		3380
337		1784		1480984		3392
338		1763		1485390		3383
339		1769		1489782		3385
340		1709		1494185		3382
341		1732		1498559		3401
342		1705		1502973		3385
343		1707		1507366		3387
344		1689		1511783		3377
345		1681		1516197		3384
346		1678		1520595		3375
347		1671		1524999		3385
348		1682		1529389		3376
349		1675		1533787		3377
350		1689		1538182		3396
351		1660		1542588		3375
352		1651		1546987		3389
353		1680		1551352		3387
354		1704		1555751		3380
355		1687		1560138		3387
356		1677		1564509		3391
357		1690		1568884		3396
358		1689		1573282		3399
359		1686		1577687		3391
360		1702		1582099		3396
361		1687		1586496		3373
362		1671		1590847		3384
363		1692		1595235		3405
364		1688		1599637		3378
365		1687		1604024		3385
366		1684		1608396		3379
367		1700		1612797		3389
368		1685		1617179		3377
369		1675		1621583		3379
370		1681		1625980		3390
371		1684		1630389		3381
372		1684		1634804		3390
373		1660		1639184		3382
374		1640		1643581		3391
375		1638		1647971		3394
376		1642		1652379		3408
377		1662		1656733		3391
378		1679		1661141		3392
379		1667		1665509		3395
380		1647		1669909		3393
381		1653		1674326		3413
382		1680		1678710		3404
383		1658		1683114		3405
384		1663		1687508		3398
385		1644		1691895		3402
386		1651		1696305		3401
387		1644		1700704		3396
388		1635		1705131		3386
389		1650		1709534		3388
390		1634		1713947		3372
391		1655		1718345		3399
392		1663		1722695		3385
393		1620		1727079		3384
394		1628		1731468		3377
395		1616		1735851		3386
396		1639		1740227		3394
397		1610		1744627		3378
398		1602		1749040		3394
399		1607		1753431		3393
400		1598		1757813		3389
401		1615		1762240		3406
402		1598		1766643		3379
403		1578		1771023		3386
404		1592		1775401		3391
405		1589		1779785		3379
406		1608		1784161		3385
407		1598		1788571		3377
408		1579		1792933		3377
409		1593		1797326		3361
410		1614		1801726		3370
411		1592		1806142		3364
412		1610		1810518		3383
413		1585		1814897		3386
414		1594		1819253		3382
415		1607		1823641		3381
416		1613		1827997		3373
417		1619		1832376		3383
418		1647		1836812		3384
419		1631		1841201		3381
420		1642		1845612		3382
421		1635		1849996		3382
422		1621		1854373		3379
423		1623		1858772		3380
424		1601		1863190		3379
425		1624		1867568		3388
426		1634		1871949		3392
427		1620		1876338		3402
428		1613		1880720		3386
429		1634		1885102		3380
430		1617		1889484		3392
431		1613		1893868		3388
432		1614		1898274		3398
433		1589		1902672		3385
434		1567		1907026		3393
435		1583		1911435		3386
436		1586		1915831		3385
437		1578		1920231		3369
438		1583		1924606		3370
439		1601		1929020		3371
440		1582		1933425		3376
441		1577		1937798		3385
442		1585		1942196		3396
443		1576		1946585		3398
444		1590		1950977		3388
445		1555		1955359		3384
446		1569		1959737		3380
447		1566		1964098		3387
448		1573		1968486		3386
449		1564		1972867		3377
450		1570		1977263		3380
451		1553		1981669		3389
452		1544		1986072		3383
453		1581		1990488		3391
454		1598		1994868		3388
455		1564		1999262		3386
456		1534		2003668		3380
457		1539		2008084		3389
458		1539		2012466		3374
459		1571		2016857		3380
460		1554		2021277		3384
461		1557		2025681		3376
462		1580		2030085		3391
463		1561		2034478		3396
464		1541		2038872		3380
465		1529		2043276		3379
466		1523		2047635		3380
467		1542		2052032		3385
468		1544		2056439		3378
469		1536		2060840		3386
470		1525		2065258		3379
471		1535		2069659		3375
472		1506		2074064		3383
473		1500		2078445		3386
474		1502		2082835		3382
475		1494		2087226		3384
476		1492		2091645		3395
477		1504		2096035		3381
478		1491		2100449		3386
479		1498		2104857		3396
480		1496		2109239		3382
481		1510		2113637		3369
482		1525		2118025		3383
483		1521		2122418		3386
484		1501		2126826		3379
485		1518		2131189		3383
486		1522		2135605		3385
487		1495		2139988		3391
488		1470		2144399		3385
489		1479		2148794		3384
490		1476		2153176		3388
491		1483		2157586		3393
492		1488		2161966		3383
493		1499		2166357		3396
494		1500		2170772		3402
495		1512		2175161		3392
496		1498		2179552		3389
497		1503		2183947		3394
498		1476		2188335		3379
499		1488		2192710		3402
500		1507		2197118		3407
501		1510		2201507		3384
502		1512		2205899		3393
503		1504		2210299		3394
504		1508		2214689		3386
505		1509		2219068		3396
506		1493		2223459		3386
507		1483		2227883		3386
508		1486		2232282		3377
509		1490		2236672		3376
510		1465		2241051		3393
511		1474		2245447		3397
512		1459		2249833		3397
513		1461		2254210		3389
514		1457		2258637		3406
515		1440		2263030		3395
516		1483		2267422		3382
517		1484		2271812		3389
518		1465		2276187		3380
519		1458		2280577		3387
520		1463		2284927		3395
521		1467		2289345		3373
522		1479		2293724		3394
523		1481		2298116		3398
524		1477		2302542		3395
525		1439		2306933		3396
526		1464		2311355		3403
527		1457		2315740		3403
528		1459		2320120		3401
529		1479		2324513		3406
530		1433		2328909		3400
531		1445		2333307		3392
532		1435		2337672		3399
533		1415		2342075		3399
534		1455		2346463		3401
535		1428		2350835		3393
536		1415		2355230		3391
537		1426		2359620		3393
538		1456		2364041		3408
539		1445		2368432		3413
540		1441		2372842		3401
541		1441		2377250		3401
542		1440		2381636		3404
543		1436		2386030		3395
544		1436		2390428		3410
545		1436		2394851		3410
546		1436		2399247		3402
547		1455		2403623		3404
548		1451		2408037		3417
549		1456		2412429		3423
550		1465		2416831		3394
551		1432		2421220		3408
552		1448		2425647		3405
553		1433		2430036		3416
554		1421		2434439		3398
555		1413		2438869		3405
556		1437		2443273		3402
557		1431		2447682		3419
558		1440		2452101		3414
559		1419		2456487		3404
560		1425		2460881		3413
561		1392		2465235		3418
562		1424		2469657		3411
563		1422		2474053		3410
564		1416		2478440		3413
565		1406		2482820		3407
566		1394		2487183		3410
567		1385		2491566		3404
568		1380		2495937		3390
569		1391		2500337		3397
570		1392		2504733		3404
571		1356		2509160		3394
572		1370		2513578		3413
573		1376		2517971		3411
574		1368		2522365		3405
575		1379		2526774		3404
576		1386		2531167		3404
577		1393		2535541		3406
578		1388		2539915		3406
579		1397		2544315		3414
580		1392		2548712		3414
581		1374		2553097		3396
582		1371		2557486		3387
583		1352		2561899		3401
584		1357		2566303		3396
585		1351		2570695		3399
586		1358		2575081		3401
587		1346		2579471		3403
588		1348		2583855		3403
589		1332		2588246		3397
590		1333		2592642		3398
591		1336		2597026		3389
592		1335		2601420		3395
593		1332		2605828		3401
594		1330		2610227		3401
595		1339		2614625		3399
596		1348		2619003		3401
597		1350		2623405		3401
598		1350		2627829		3388
599		1374		2632191		3395
600		1356		2636593		3399
601		1365		2640992		3394
602		1357		2645391		3395
603		1349		2649786		3398
604		1360		2654184		3406
605		1360		2658600		3404
606		1352		2663031		3410
607		1352		2667417		3401
608		1345		2671828		3400
609		1350		2676222		3397
610		1367		2680578		3394
611		1353		2684976		3399
612		1374		2689358		3396
613		1369		2693753		3395
614		1382		2698133		3406
615		1381		2702544		3409
616		1400		2706939		3402
617		1404		2711374		3392
618		1373		2715774		3410
619		1379		2720151		3407
620		1395		2724519		3397
621		1367		2728905		3397
622		1362		2733291		3401
623		1372		2737684		3401
624		1367		2742063		3409
625		1374		2746466		3412
626		1386		2750860		3402
627		1405		2755248		3400
628		1419		2759654		3410
629		1403		2764057		3405
630		1394		2768471		3408
631		1378		2772870		3399
632		1392		2777280		3403
633		1417		2781678		3399
634		1383		2786085		3396
635		1396		2790488		3400
636		1398		2794900		3395
637		1408		2799274		3397
638		1405		2803673		3405
639		1411		2808087		3403
640		1379		2812474		3402
641		1398		2816892		3406
642		1410		2821294		3418
643		1416		2825724		3421
644		1424		2830092		3406
645		1411		2834490		3410
646		1423		2838885		3412
647		1393		2843304		3428
648		1402		2847698		3413
649		1388		2852120		3402
650		1397		2856544		3424
651		1410		2860937		3410
652		1418		2865312		3425
653		1407		2869726		3408
654		1407		2874108		3404
655		1379		2878496		3400
656		1402		2882908		3421
657		1396		2887299		3410
658		1389		2891676		3415
659		1391		2896050		3425
660		1399		2900458		3420
661		1397		2904804		3416
662		1391		2909211		3404
663		1411		2913626		3400
664		1396		2918052		3427
665		1392		2922443		3416
666		1382		2926847		3417
667		1384		2931248		3410
668		1383		2935643		3430
669		1380		2940052		3422
670		1369		2944458		3417
671		1389		2948857		3428
672		1400		2953284		3426
673		1415		2957702		3425
674		1410		2962118		3422
675		1412		2966535		3416
676		1383		2970912		3429
677		1398		2975323		3421
678		1395		2979718		3424
679		1413		2984082		3428
680		1392		2988486		3416
681		1394		2992885		3417
682		1397		2997268		3421
683		1386		3001668		3426
684		1388		3006066		3414
685		1402		3010472		3417
686		1399		3014850		3415
687		1395		3019289		3412
688		1380		3023682		3409
689		1355		3028084		3401
690		1371		3032511		3411
691		1351		3036923		3416
692		1371		3041355		3414
693		1379		3045788		3418
694		1381		3050199		3409
695		1366		3054617		3411
696		1358		3059018		3420
697		1331		3063423		3419
698		1322		3067814		3417
699		1323		3072216		3422
700		1315		3076614		3425
701		1307		3081028		3424
702		1286		3085409		3417
703		1302		3089826		3419
704		1296		3094206		3410
705		1296		3098609		3426
706		1305		3102995		3421
707		1285		3107388		3411
708		1303		3111783		3411
709		1291		3116164		3413
710		1283		3120566		3404
711		1287		3124972		3402
712		1280		3129398		3405
713		1275		3133793		3427
714		1279		3138215		3423
715		1298		3142617		3424
716		1300		3147010		3428
717		1282		3151439		3421
718		1289		3155840		3429
719		1293		3160252		3425
720		1312		3164661		3420
721		1319		3169057		3412
722		1323		3173454		3427
723		1293		3177850		3428
724		1290		3182252		3423
725		1302		3186644		3433
726		1302		3191044		3419
727		1296		3195456		3430
728		1304		3199867		3425
729		1315		3204262		3424
730		1304		3208631		3422
731		1304		3213058		3422
732		1302		3217457		3432
733		1287		3221867		3413
734		1277		3226237		3433
735		1271		3230656		3423
736		1266		3235065		3410
737		1255		3239455		3423
738		1253		3243860		3426
739		1255		3248241		3426
740		1239		3252630		3412
741		1262		3257015		3423
742		1246		3261423		3416
743		1245		3265828		3431
744		1268		3270244		3418
745		1258		3274646		3421
746		1258		3279076		3414
747		1259		3283454		3406
748		1282		3287832		3415
749		1259		3292230		3426
750		1266		3296626		3418
751		1277		3301029		3416
752		1268		3305441		3428
753		1276		3309855		3418
754		1265		3314245		3424
755		1265		3318654		3418
756		1277		3323031		3422
757		1275		3327412		3419
758		1267		3331805		3422
759		1267		3336181		3423
760		1278		3340569		3414
761		1295		3344942		3407
762		1287		3349343		3405
763		1267		3353730		3410
764		1257		3358101		3415
765		1255		3362492		3413
766		1251		3366893		3416
767		1254		3371302		3402
768		1264		3375731		3397
769		1250		3380125		3408
770		1271		3384514		3420
771		1265		3388948		3408
772		1261		3393341		3418
773		1269		3397727		3418
774		1272		3402108		3398
775		1285		3406515		3411
776		1292		3410924		3403
777		1293		3415344		3394
778		1268		3419731		3399
779		1274		3424133		3403
780		1293		3428556		3402
781		1285		3432960		3410
782		1308		3437349		3398
783		1292		3441733		3393
784		1275		3446152		3422
785		1281		3450561		3417
786		1272		3455003		3405
787		1265		3459412		3414
788		1274		3463819		3413
789		1276		3468237		3381
790		1266		3472657		3390
791		1267		3477065		3407
792		1266		3481498		3415
793		1261		3485908		3406
794		1257		3490297		3401
795		1225		3494737		3416
796		1239		3499137		3399
797		1262		3503570		3405
798		1261		3507984		3406
799		1268		3512417		3408
800		1255		3516813		3417
801		1278		3521197		3413
802		1262		3525624		3409
803		1260		3530032		3411
804		1273		3534433		3415
805		1256		3538865		3427
806		1257		3543263		3418
807		1255		3547688		3416
808		1263		3552080		3420
809		1260		3556479		3406
810		1277		3560869		3422
811		1257		3565279		3407
812		1280		3569691		3416
813		1272		3574076		3415
814		1297		3578444		3421
815		1264		3582867		3422
816		1238		3587270		3424
817		1233		3591661		3410
818		1228		3596085		3421
819		1225		3600508		3408
820		1220		3604913		3407
821		1235		3609312		3421
822		1258		3613766		3420
823		1236		3618161		3419
824		1231		3622548		3409
825		1224		3626940		3407
826		1224		3631351		3415
827		1221		3635755		3403
828		1233		3640182		3411
829		1229		3644582		3412
830		1227		3648977		3402
831		1210		3653397		3400
832		1216		3657814		3413
833		1215		3662220		3401
834		1218		3666622		3401
835		1202		3671013		3397
836		1195		3675399		3400
837		1186		3679809		3402
838		1189		3684178		3395
839		1205		3688588		3416
840		1193		3692978		3412
841		1202		3697376		3394
842		1204		3701758		3397
843		1208		3706189		3397
844		1209		3710597		3404
845		1222		3714996		3388
846		1203		3719362		3402
847		1206		3723795		3415
848		1198		3728205		3414
849		1192		3732611		3419
850		1193		3737023		3412
851		1206		3741423		3409
852		1202		3745814		3420
853		1224		3750223		3416
854		1224		3754620		3414
855		1204		3759048		3415
856		1203		3763476		3403
857		1190		3767858		3409
858		1199		3772231		3400
859		1221		3776643		3401
860		1206		3781022		3398
861		1224		3785418		3413
862		1218		3789839		3403
863		1204		3794250		3411
864		1198		3798653		3415
865		1223		3803076		3397
866		1205		3807504		3402
867		1247		3811926		3402
868		1240		3816337		3417
869		1247		3820737		3421
870		1255		3825149		3404
871		1232		3829581		3424
872		1230		3833971		3419
873		1225		3838368		3418
874		1203		3842780		3404
875		1192		3847164		3413
876		1208		3851604		3408
877		1193		3856013		3412
878		1182		3860428		3415
879		1191		3864836		3416
880		1222		3869225		3422
881		1222		3873638		3420
882		1228		3878014		3416
883		1252		3882402		3411
884		1240		3886781		3404
885		1234		3891209		3417
886		1232		3895610		3407
887		1216		3900022		3413
888		1225		3904418		3420
889		1217		3908837		3411
890		1233		3913224		3427
891		1233		3917663		3430
892		1238		3922073		3420
893		1258		3926474		3428
894		1262		3930889		3435
895		1222		3935311		3429
896		1222		3939717		3423
897		1188		3944143		3418
898		1185		3948577		3422
899		1185		3952984		3420
900		1199		3957398		3420
901		1195		3961818		3413
902		1182		3966208		3414
903		1186		3970588		3415
904		1181		3974970		3421
905		1191		3979377		3417
906		1205		3983793		3411
907		1198		3988222		3409
908		1187		3992656		3418
909		1168		3997047		3416
910		1156		4001479		3418
911		1160		4005901		3415
912		1165		4010295		3416
913		1163		4014707		3410
914		1163		4019117		3409
915		1148		4023527		3414
916		1144		4027936		3420
917		1154		4032365		3426
918		1164		4036762		3404
919		1178		4041160		3408
920		1145		4045570		3409
921		1168		4049991		3409
922		1172		4054417		3410
923		1197		4058837		3407
924		1199		4063236		3401
925		1198		4067649		3426
926		1190		4072047		3412
927		1189		4076484		3410
928		1188		4080888		3408
929		1193		4085297		3403
930		1189		4089684		3399
931		1176		4094052		3401
932		1176		4098452		3415
933		1181		4102861		3413
934		1147		4107258		3406
935		1151		4111634		3414
936		1151		4116030		3417
937		1144		4120455		3411
938		1148		4124872		3412
939		1139		4129290		3408
940		1152		4133696		3413
941		1127		4138086		3414
942		1147		4142490		3427
943		1142		4146879		3420
944		1144		4151284		3403
945		1126		4155681		3411
946		1134		4160057		3418
947		1142		4164461		3423
948		1152		4168881		3420
949		1139		4173282		3429
950		1128		4177699		3425
951		1136		4182111		3427
952		1163		4186506		3424
953		1145		4190951		3426
954		1139		4195346		3414
955		1128		4199767		3415
956		1149		4204179		3422
957		1140		4208598		3423
958		1124		4212979		3432
959		1118		4217403		3423
960		1111		4221824		3412
961		1111		4226238		3428
962		1119		4230636		3425
963		1132		4235065		3424
964		1144		4239449		3434
965		1132		4243835		3431
966		1125		4248247		3436
967		1121		4252650		3430
968		1138		4257027		3426
969		1127		4261462		3420
970		1125		4265897		3417
971		1120		4270305		3425
972		1124		4274739		3419
973		1115		4279123		3424
974		1119		4283538		3419
975		1122		4287949		3427
976		1143		4292369		3422
977		1133		4296766		3428
978		1132		4301148		3428
979		1130		4305526		3420
980		1129		4309934		3415
981		1136		4314386		3418
982		1138		4318800		3413
983		1147		4323234		3422
984		1133		4327641		3417
985		1147		4332052		3415
986		1149		4336457		3429
987		1152		4340886		3432
988		1136		4345292		3421
989		1117		4349721		3425
990		1119		4354126		3424
991		1146		4358541		3432
992		1147		4362966		3431
993		1137		4367336		3445
994		1133		4371737		3429
995		1118		4376152		3438
996		1118		4380580		3431
997		1116		4384983		3420
998		1167		4389382		3432
999		1141		4393786		3444
