# Migration is number of nodes that have changed color.

Round		Edge-Cut		Swaps		Migrations		Skipped
0		9085		4687		3087
1		8562		9368		3169
2		8266		14041		3226
3		8012		18703		3270
4		7892		23349		3347
5		7783		27996		3352
6		7617		32639		3376
7		7542		37286		3383
8		7443		41940		3439
9		7394		46576		3439
10		7297		51200		3436
11		7209		55839		3414
12		7134		60462		3451
13		7148		65088		3444
14		7045		69713		3420
15		7079		74336		3423
16		7022		78960		3449
17		6887		83581		3452
18		6877		88200		3502
19		6834		92829		3453
20		6801		97431		3474
21		6917		102052		3456
22		6871		106662		3489
23		6746		111273		3470
24		6755		115866		3426
25		6604		120489		3419
26		6626		125091		3435
27		6623		129686		3447
28		6542		134303		3417
29		6529		138907		3444
30		6518		143492		3449
31		6530		148094		3458
32		6608		152706		3499
33		6545		157294		3477
34		6449		161893		3511
35		6451		166486		3484
36		6373		171103		3455
37		6431		175716		3475
38		6507		180328		3505
39		6384		184941		3466
40		6412		189543		3446
41		6565		194150		3406
42		6557		198773		3492
43		6503		203354		3496
44		6574		207963		3484
45		6569		212575		3492
46		6469		217184		3496
47		6447		221793		3461
48		6445		226405		3495
49		6423		231009		3520
50		6404		235626		3500
51		6441		240201		3511
52		6442		244810		3488
53		6413		249397		3500
54		6468		253993		3490
55		6377		258607		3522
56		6311		263197		3549
57		6216		267801		3543
58		6341		272394		3502
59		6347		276999		3536
60		6366		281593		3496
61		6447		286187		3459
62		6291		290784		3491
63		6210		295389		3516
64		6268		299983		3466
65		6287		304586		3528
66		6237		309203		3509
67		6224		313817		3513
68		6283		318410		3487
69		6152		323000		3491
70		6124		327564		3471
71		6204		332152		3471
72		6141		336741		3499
73		6177		341347		3521
74		6068		345952		3481
75		6108		350540		3503
76		6191		355134		3518
77		6093		359735		3522
78		6134		364348		3533
79		6089		368956		3516
80		6148		373563		3515
81		6147		378156		3501
82		6229		382753		3512
83		6169		387321		3506
84		6184		391939		3510
85		6184		396523		3550
86		6144		401111		3504
87		6149		405703		3499
88		6078		410290		3541
89		6110		414879		3527
90		6071		419448		3527
91		6054		424031		3524
92		6121		428626		3509
93		6038		433230		3489
94		6024		437817		3512
95		6141		442413		3519
96		6043		447027		3570
97		6023		451625		3535
98		5949		456214		3511
99		5964		460787		3490
100		5937		465388		3487
101		5900		469989		3478
102		5890		474590		3485
103		5934		479166		3498
104		5995		483756		3527
105		5930		488326		3545
106		5950		492909		3526
107		6017		497490		3504
108		6058		502086		3489
109		6023		506677		3521
110		6033		511266		3525
111		6127		515864		3540
112		6097		520456		3539
113		6101		525058		3530
114		6032		529653		3523
115		6045		534263		3555
116		6152		538862		3528
117		6080		543454		3524
118		6061		548054		3542
119		6178		552649		3551
120		6129		557258		3531
121		6054		561850		3508
122		6092		566439		3547
123		6053		571035		3553
124		6037		575609		3538
125		6099		580204		3527
126		6077		584790		3550
127		5990		589393		3538
128		6050		593972		3522
129		5995		598538		3521
130		6024		603138		3558
131		5991		607709		3565
132		6040		612291		3536
133		6201		616886		3521
134		6020		621468		3552
135		6052		626058		3532
136		6028		630657		3510
137		6017		635252		3551
138		6045		639824		3515
139		6061		644413		3504
140		5955		649011		3546
141		5927		653603		3535
142		5943		658183		3557
143		6002		662772		3535
144		5944		667367		3568
145		5951		671945		3551
146		6064		676527		3588
147		6014		681108		3550
148		6055		685715		3538
149		6059		690311		3558
150		5934		694917		3557
151		5971		699498		3538
152		5989		704076		3554
153		6082		708670		3493
154		6069		713268		3550
155		6031		717854		3522
156		5978		722444		3521
157		6030		727054		3542
158		6013		731644		3521
159		6081		736240		3545
160		6051		740836		3504
161		6112		745440		3535
162		6040		750030		3532
163		5992		754611		3504
164		5942		759191		3486
165		5839		763781		3525
166		5876		768361		3557
167		6001		772964		3520
168		5933		777555		3509
169		5859		782147		3532
170		5917		786726		3499
171		5864		791327		3508
172		5865		795925		3567
173		5700		800507		3588
174		5814		805070		3567
175		5841		809656		3510
176		5717		814240		3532
177		5864		818833		3526
178		5916		823424		3556
179		5896		828036		3561
180		5947		832620		3555
181		5931		837229		3563
182		6020		841821		3586
183		6004		846431		3574
184		6067		851007		3599
185		6043		855622		3575
186		6023		860237		3574
187		5974		864815		3560
188		5982		869408		3508
189		5927		873997		3500
190		5978		878585		3535
191		5892		883181		3524
192		5835		887762		3556
193		5822		892332		3541
194		5894		896927		3539
195		5822		901517		3563
196		5835		906092		3584
197		5815		910669		3577
198		5811		915260		3502
199		5761		919830		3499
200		5811		924430		3520
201		5979		929024		3551
202		5907		933617		3515
203		5878		938193		3528
204		5824		942768		3565
205		5852		947366		3538
206		5866		951971		3546
207		5850		956557		3515
208		5896		961140		3550
209		5831		965738		3530
210		5861		970333		3514
211		5886		974920		3508
212		5782		979499		3516
213		5733		984079		3522
214		5769		988667		3542
215		5788		993235		3511
216		5697		997802		3566
217		5709		1002381		3526
218		5731		1006959		3544
219		5729		1011541		3550
220		5730		1016098		3540
221		5766		1020689		3558
222		5718		1025282		3551
223		5718		1029844		3541
224		5728		1034430		3567
225		5745		1039002		3576
226		5740		1043589		3526
227		5716		1048162		3518
228		5755		1052750		3515
229		5792		1057333		3540
230		5754		1061926		3538
231		5773		1066512		3563
232		5713		1071086		3559
233		5783		1075675		3515
234		5770		1080259		3527
235		5635		1084815		3557
236		5644		1089389		3580
237		5748		1093973		3600
238		5673		1098550		3560
239		5695		1103125		3610
240		5763		1107702		3584
241		5731		1112310		3584
242		5709		1116892		3575
243		5757		1121458		3604
244		5679		1126031		3570
245		5691		1130607		3566
246		5776		1135214		3564
247		5902		1139802		3553
248		5840		1144384		3608
249		5850		1148960		3547
250		5889		1153557		3552
251		5947		1158139		3549
252		5910		1162731		3537
253		5881		1167310		3519
254		5951		1171900		3548
255		5897		1176484		3553
256		5923		1181080		3523
257		5841		1185697		3519
258		5827		1190290		3534
259		5902		1194887		3563
260		5917		1199474		3532
261		5911		1204062		3497
262		5888		1208629		3511
263		5812		1213219		3533
264		5868		1217818		3504
265		5790		1222418		3495
266		5771		1226976		3519
267		5678		1231565		3521
268		5763		1236136		3585
269		5757		1240725		3549
270		5865		1245323		3533
271		5789		1249920		3534
272		5836		1254521		3567
273		5835		1259092		3594
274		5804		1263675		3563
275		5789		1268260		3554
276		5754		1272862		3556
277		5837		1277447		3575
278		5746		1282035		3565
279		5756		1286612		3560
280		5772		1291184		3574
281		5703		1295752		3574
282		5761		1300334		3570
283		5835		1304914		3565
284		5760		1309495		3564
285		5708		1314090		3532
286		5723		1318675		3537
287		5781		1323263		3554
288		5792		1327852		3594
289		5820		1332467		3533
290		5843		1337054		3585
291		5807		1341646		3574
292		5806		1346241		3529
293		5783		1350831		3531
294		5744		1355406		3561
295		5813		1359981		3576
296		5658		1364570		3565
297		5603		1369129		3589
298		5735		1373703		3579
299		5767		1378291		3559
300		5828		1382854		3595
301		5842		1387449		3558
302		5899		1392031		3570
303		5919		1396603		3581
304		5937		1401203		3557
305		5964		1405784		3546
306		5849		1410384		3542
307		5898		1414995		3539
308		5823		1419596		3542
309		5802		1424183		3557
310		5706		1428763		3504
311		5804		1433365		3499
312		5627		1437948		3529
313		5641		1442523		3555
314		5635		1447096		3544
315		5603		1451670		3531
316		5648		1456244		3527
317		5716		1460819		3537
318		5661		1465395		3556
319		5646		1469985		3526
320		5679		1474579		3520
321		5769		1479148		3530
322		5843		1483733		3534
323		5698		1488322		3568
324		5720		1492905		3555
325		5677		1497488		3580
326		5717		1502064		3562
327		5706		1506642		3552
328		5684		1511240		3542
329		5534		1515821		3530
330		5633		1520402		3569
331		5742		1524993		3550
332		5647		1529580		3531
333		5632		1534167		3568
334		5650		1538768		3558
335		5530		1543319		3548
336		5604		1547881		3542
337		5666		1552458		3545
338		5673		1557010		3552
339		5627		1561589		3543
340		5630		1566169		3524
341		5617		1570758		3562
342		5532		1575340		3533
343		5588		1579908		3536
344		5609		1584493		3517
345		5648		1589079		3566
346		5603		1593643		3525
347		5569		1598209		3496
348		5545		1602779		3533
349		5465		1607346		3557
350		5486		1611938		3538
351		5517		1616505		3562
352		5557		1621094		3531
353		5433		1625680		3573
354		5507		1630281		3578
355		5596		1634852		3574
356		5492		1639433		3557
357		5562		1644007		3590
358		5578		1648598		3569
359		5616		1653183		3542
360		5615		1657779		3551
361		5527		1662353		3554
362		5599		1666938		3553
363		5626		1671498		3521
364		5660		1676073		3511
365		5649		1680641		3532
366		5605		1685210		3550
367		5536		1689802		3553
368		5539		1694375		3576
369		5538		1698943		3578
370		5657		1703522		3541
371		5689		1708126		3532
372		5552		1712699		3558
373		5562		1717293		3547
374		5478		1721883		3561
375		5494		1726479		3546
376		5490		1731064		3593
377		5485		1735631		3545
378		5497		1740189		3536
379		5583		1744787		3507
380		5447		1749365		3518
381		5476		1753950		3535
382		5428		1758540		3510
383		5400		1763110		3511
384		5335		1767690		3514
385		5430		1772270		3540
386		5551		1776851		3561
387		5585		1781435		3553
388		5618		1786009		3535
389		5618		1790612		3517
390		5548		1795192		3538
391		5499		1799769		3521
392		5561		1804341		3540
393		5507		1808919		3513
394		5614		1813495		3536
395		5558		1818071		3514
396		5574		1822647		3546
397		5524		1827227		3578
398		5483		1831814		3530
399		5528		1836394		3557
400		5632		1840970		3536
401		5577		1845552		3568
402		5607		1850138		3557
403		5615		1854722		3576
404		5615		1859303		3563
405		5597		1863889		3560
406		5622		1868449		3542
407		5572		1873036		3564
408		5623		1877640		3553
409		5573		1882214		3542
410		5667		1886814		3536
411		5645		1891383		3535
412		5654		1895956		3543
413		5642		1900520		3546
414		5705		1905091		3589
415		5772		1909690		3552
416		5743		1914261		3547
417		5659		1918851		3515
418		5663		1923417		3568
419		5779		1928000		3572
420		5763		1932608		3552
421		5796		1937188		3530
422		5691		1941772		3542
423		5729		1946366		3560
424		5782		1950972		3563
425		5579		1955547		3547
426		5535		1960121		3590
427		5630		1964676		3591
428		5715		1969274		3592
429		5672		1973863		3575
430		5609		1978435		3563
431		5549		1983003		3558
432		5443		1987590		3585
433		5576		1992172		3552
434		5665		1996753		3542
435		5681		2001343		3559
436		5683		2005933		3539
437		5619		2010536		3547
438		5632		2015111		3593
439		5699		2019682		3556
440		5747		2024264		3610
441		5828		2028860		3545
442		5780		2033457		3554
443		5736		2038042		3548
444		5696		2042631		3589
445		5728		2047224		3553
446		5685		2051793		3524
447		5599		2056368		3539
448		5541		2060951		3530
449		5515		2065533		3526
450		5495		2070116		3529
451		5580		2074704		3559
452		5667		2079290		3539
453		5823		2083880		3562
454		5705		2088473		3523
455		5614		2093045		3537
456		5642		2097614		3554
457		5642		2102197		3511
458		5574		2106771		3532
459		5499		2111338		3525
460		5505		2115921		3605
461		5461		2120511		3560
462		5528		2125077		3571
463		5487		2129640		3550
464		5397		2134213		3551
465		5401		2138780		3527
466		5432		2143345		3525
467		5488		2147930		3537
468		5592		2152510		3526
469		5552		2157099		3516
470		5582		2161688		3539
471		5581		2166270		3498
472		5650		2170859		3517
473		5627		2175439		3596
474		5747		2180009		3561
475		5836		2184607		3539
476		5953		2189186		3557
477		5851		2193770		3551
478		5776		2198362		3571
479		5767		2202949		3544
480		5722		2207531		3535
481		5631		2212122		3515
482		5748		2216717		3556
483		5638		2221286		3531
484		5663		2225869		3509
485		5659		2230466		3519
486		5717		2235036		3570
487		5640		2239604		3515
488		5605		2244189		3522
489		5691		2248771		3550
490		5677		2253355		3525
491		5771		2257932		3525
492		5706		2262538		3556
493		5729		2267123		3545
494		5663		2271682		3521
495		5633		2276261		3558
496		5815		2280818		3529
497		5793		2285424		3533
498		5797		2289993		3554
499		5755		2294596		3498
500		5745		2299183		3509
501		5743		2303773		3534
502		5694		2308367		3549
503		5637		2312942		3540
504		5553		2317521		3512
505		5527		2322107		3536
506		5591		2326702		3564
507		5611		2331264		3549
508		5599		2335827		3580
509		5507		2340417		3547
510		5437		2344988		3580
511		5475		2349586		3536
512		5463		2354164		3548
513		5502		2358734		3556
514		5483		2363303		3525
515		5379		2367891		3525
516		5507		2372474		3533
517		5600		2377060		3507
518		5516		2381636		3532
519		5532		2386219		3547
520		5520		2390787		3526
521		5443		2395345		3540
522		5479		2399921		3538
523		5569		2404494		3553
524		5589		2409082		3540
525		5576		2413655		3527
526		5628		2418235		3510
527		5578		2422801		3544
528		5552		2427387		3544
529		5587		2431987		3511
530		5650		2436562		3507
531		5639		2441130		3563
532		5626		2445713		3521
533		5608		2450290		3515
534		5632		2454869		3537
535		5594		2459446		3507
536		5571		2464004		3530
537		5519		2468576		3517
538		5573		2473152		3526
539		5524		2477713		3532
540		5578		2482291		3497
541		5586		2486868		3530
542		5514		2491451		3545
543		5601		2496030		3546
544		5603		2500624		3554
545		5654		2505218		3514
546		5544		2509802		3531
547		5602		2514380		3524
548		5698		2518987		3514
549		5621		2523574		3539
550		5591		2528134		3551
551		5531		2532717		3540
552		5571		2537299		3546
553		5533		2541869		3542
554		5401		2546437		3523
555		5413		2551029		3545
556		5429		2555612		3546
557		5506		2560193		3561
558		5579		2564772		3519
559		5600		2569374		3531
560		5539		2573958		3549
561		5536		2578532		3543
562		5623		2583097		3505
563		5514		2587673		3543
564		5551		2592242		3538
565		5494		2596818		3549
566		5567		2601406		3518
567		5716		2605984		3531
568		5703		2610558		3551
569		5707		2615148		3514
570		5661		2619741		3565
571		5586		2624290		3562
572		5618		2628855		3562
573		5766		2633466		3555
574		5637		2638062		3521
575		5642		2642662		3529
576		5646		2647248		3559
577		5678		2651832		3521
578		5642		2656429		3587
579		5635		2661008		3550
580		5627		2665600		3571
581		5559		2670183		3533
582		5571		2674777		3513
583		5505		2679376		3535
584		5515		2683957		3498
585		5669		2688531		3527
586		5585		2693113		3504
587		5621		2697686		3515
588		5615		2702265		3501
589		5644		2706839		3489
590		5656		2711435		3547
591		5657		2716004		3506
592		5610		2720596		3531
593		5610		2725179		3571
594		5509		2729785		3566
595		5530		2734361		3526
596		5417		2738946		3575
597		5563		2743520		3558
598		5539		2748106		3538
599		5539		2752702		3551
600		5593		2757299		3542
601		5477		2761899		3550
602		5480		2766439		3553
603		5509		2771021		3545
604		5558		2775595		3532
605		5590		2780173		3552
606		5548		2784752		3554
607		5457		2789326		3532
608		5525		2793927		3536
609		5494		2798501		3529
610		5505		2803090		3482
611		5402		2807683		3509
612		5459		2812266		3522
613		5399		2816853		3494
614		5335		2821441		3508
615		5243		2826001		3524
616		5282		2830569		3526
617		5277		2835151		3528
618		5403		2839736		3501
619		5470		2844296		3481
620		5397		2848866		3513
621		5317		2853461		3508
622		5348		2858033		3466
623		5330		2862620		3508
624		5483		2867189		3519
625		5529		2871766		3466
626		5435		2876361		3523
627		5471		2880925		3529
628		5430		2885491		3450
629		5496		2890066		3544
630		5323		2894634		3500
631		5335		2899207		3512
632		5356		2903774		3502
633		5424		2908337		3454
634		5273		2912915		3519
635		5355		2917496		3515
636		5467		2922065		3523
637		5335		2926642		3535
638		5411		2931207		3515
639		5426		2935780		3535
640		5405		2940349		3526
641		5443		2944921		3531
642		5520		2949510		3547
643		5507		2954100		3556
644		5520		2958662		3530
645		5601		2963256		3531
646		5433		2967844		3555
647		5508		2972401		3545
648		5504		2976974		3530
649		5540		2981560		3535
650		5491		2986121		3507
651		5543		2990714		3506
652		5576		2995287		3494
653		5535		2999870		3535
654		5559		3004439		3510
655		5535		3009023		3533
656		5569		3013614		3552
657		5553		3018186		3522
658		5554		3022796		3531
659		5641		3027370		3528
660		5741		3031957		3535
661		5527		3036533		3536
662		5636		3041107		3519
663		5566		3045682		3566
664		5626		3050234		3558
665		5666		3054805		3494
666		5564		3059393		3504
667		5549		3063969		3542
668		5608		3068543		3541
669		5590		3073157		3526
670		5603		3077740		3553
671		5628		3082310		3511
672		5610		3086886		3549
673		5572		3091469		3521
674		5583		3096056		3518
675		5597		3100624		3526
676		5568		3105209		3517
677		5673		3109802		3521
678		5697		3114370		3499
679		5720		3118940		3507
680		5658		3123531		3552
681		5585		3128101		3551
682		5661		3132692		3519
683		5658		3137278		3549
684		5676		3141837		3558
685		5708		3146426		3533
686		5727		3151003		3504
687		5690		3155600		3508
688		5678		3160183		3533
689		5704		3164764		3505
690		5704		3169351		3557
691		5741		3173936		3545
692		5734		3178512		3540
693		5596		3183094		3560
694		5592		3187672		3557
695		5559		3192249		3557
696		5607		3196822		3569
697		5647		3201408		3531
698		5591		3206009		3525
699		5616		3210580		3555
700		5556		3215146		3550
701		5564		3219718		3589
702		5559		3224302		3547
703		5492		3228880		3547
704		5468		3233453		3526
705		5525		3238022		3570
706		5408		3242605		3548
707		5425		3247167		3568
708		5372		3251746		3541
709		5372		3256324		3543
710		5407		3260897		3596
711		5417		3265487		3525
712		5541		3270044		3528
713		5582		3274617		3533
714		5591		3279214		3515
715		5600		3283802		3540
716		5546		3288394		3536
717		5548		3292972		3552
718		5515		3297518		3567
719		5517		3302086		3547
720		5429		3306651		3559
721		5400		3311231		3571
722		5457		3315807		3571
723		5357		3320379		3583
724		5502		3324951		3570
725		5554		3329542		3571
726		5506		3334125		3557
727		5475		3338696		3568
728		5470		3343279		3608
729		5557		3347842		3518
730		5523		3352411		3581
731		5530		3356976		3563
732		5450		3361564		3587
733		5547		3366136		3557
734		5600		3370720		3554
735		5578		3375308		3532
736		5605		3379905		3570
737		5580		3384487		3526
738		5602		3389060		3506
739		5593		3393645		3548
740		5535		3398227		3560
741		5596		3402830		3512
742		5601		3407409		3510
743		5730		3411989		3518
744		5704		3416574		3541
745		5612		3421158		3586
746		5638		3425739		3580
747		5614		3430304		3500
748		5570		3434883		3566
749		5560		3439468		3548
750		5563		3444031		3526
751		5582		3448614		3555
752		5623		3453187		3541
753		5534		3457773		3565
754		5605		3462356		3559
755		5613		3466924		3532
756		5530		3471492		3522
757		5624		3476079		3529
758		5565		3480646		3506
759		5391		3485214		3534
760		5390		3489781		3520
761		5406		3494352		3544
762		5463		3498940		3567
763		5500		3503510		3564
764		5466		3508116		3533
765		5361		3512710		3496
766		5439		3517265		3574
767		5448		3521847		3526
768		5429		3526442		3547
769		5459		3531008		3528
770		5408		3535586		3527
771		5311		3540175		3550
772		5368		3544740		3545
773		5392		3549291		3540
774		5380		3553874		3555
775		5399		3558462		3551
776		5442		3563026		3539
777		5342		3567608		3541
778		5372		3572181		3542
779		5532		3576746		3563
780		5434		3581323		3549
781		5464		3585907		3539
782		5403		3590507		3532
783		5476		3595074		3531
784		5454		3599646		3491
785		5486		3604217		3519
786		5433		3608792		3520
787		5490		3613368		3502
788		5431		3617942		3527
789		5424		3622525		3527
790		5398		3627087		3532
791		5431		3631680		3544
792		5486		3636250		3531
793		5463		3640820		3549
794		5387		3645396		3521
795		5507		3649961		3510
796		5493		3654543		3557
797		5424		3659122		3544
798		5441		3663689		3504
799		5366		3668262		3483
800		5435		3672850		3489
801		5400		3677418		3528
802		5571		3682001		3486
803		5526		3686588		3505
804		5552		3691157		3487
805		5554		3695743		3500
806		5566		3700329		3503
807		5583		3704901		3494
808		5517		3709485		3507
809		5491		3714050		3491
810		5562		3718622		3545
811		5514		3723190		3495
812		5640		3727770		3509
813		5588		3732357		3489
814		5561		3736944		3508
815		5592		3741521		3501
816		5717		3746119		3480
817		5687		3750683		3569
818		5623		3755279		3532
819		5640		3759883		3534
820		5665		3764465		3518
821		5754		3769033		3553
822		5658		3773614		3506
823		5674		3778205		3534
824		5589		3782809		3557
825		5642		3787402		3545
826		5698		3791995		3537
827		5646		3796559		3541
828		5657		3801154		3535
829		5699		3805718		3572
830		5727		3810297		3532
831		5734		3814892		3525
832		5597		3819488		3528
833		5725		3824064		3521
834		5703		3828653		3539
835		5803		3833241		3520
836		5825		3837838		3507
837		5844		3842408		3499
838		5722		3846994		3507
839		5679		3851567		3524
840		5627		3856147		3534
841		5693		3860755		3517
842		5669		3865349		3535
843		5728		3869957		3505
844		5661		3874550		3523
845		5674		3879130		3546
846		5722		3883731		3569
847		5827		3888311		3556
848		5712		3892907		3531
849		5773		3897502		3545
850		5687		3902091		3490
851		5690		3906665		3565
852		5702		3911244		3485
853		5667		3915841		3498
854		5710		3920434		3489
855		5647		3925018		3508
856		5582		3929584		3559
857		5570		3934159		3501
858		5504		3938729		3541
859		5478		3943313		3537
860		5490		3947897		3541
861		5557		3952479		3507
862		5491		3957067		3539
863		5554		3961652		3545
864		5608		3966237		3554
865		5614		3970821		3536
866		5657		3975383		3515
867		5627		3979964		3510
868		5631		3984542		3503
869		5566		3989092		3516
870		5548		3993685		3507
871		5559		3998253		3508
872		5557		4002847		3485
873		5667		4007414		3524
874		5588		4011996		3557
875		5528		4016578		3516
876		5631		4021154		3510
877		5698		4025748		3508
878		5522		4030337		3513
879		5560		4034913		3533
880		5440		4039481		3488
881		5492		4044064		3520
882		5472		4048645		3519
883		5376		4053218		3516
884		5404		4057802		3506
885		5425		4062387		3540
886		5461		4066974		3532
887		5340		4071555		3545
888		5430		4076143		3579
889		5527		4080713		3516
890		5498		4085286		3494
891		5389		4089863		3536
892		5467		4094453		3558
893		5519		4099044		3518
894		5513		4103637		3524
895		5527		4108215		3520
896		5430		4112797		3536
897		5387		4117363		3539
898		5455		4121957		3578
899		5321		4126518		3545
900		5335		4131106		3539
901		5395		4135693		3539
902		5295		4140261		3532
903		5437		4144827		3503
904		5354		4149414		3500
905		5419		4153997		3545
906		5444		4158570		3563
907		5464		4163132		3519
908		5452		4167736		3543
909		5514		4172310		3549
910		5529		4176879		3521
911		5570		4181460		3558
912		5558		4186043		3501
913		5567		4190615		3526
914		5436		4195175		3561
915		5499		4199745		3512
916		5486		4204323		3552
917		5523		4208914		3495
918		5451		4213476		3526
919		5477		4218063		3541
920		5553		4222651		3511
921		5459		4227231		3520
922		5458		4231816		3547
923		5389		4236396		3524
924		5428		4240969		3533
925		5540		4245554		3525
926		5615		4250131		3524
927		5585		4254704		3539
928		5572		4259265		3577
929		5420		4263835		3572
930		5555		4268396		3564
931		5478		4272949		3569
932		5576		4277515		3541
933		5608		4282093		3533
934		5664		4286678		3568
935		5638		4291255		3541
936		5540		4295826		3519
937		5501		4300391		3542
938		5289		4304969		3531
939		5359		4309556		3512
940		5380		4314120		3531
941		5438		4318674		3541
942		5449		4323250		3561
943		5587		4327838		3529
944		5579		4332431		3512
945		5507		4337016		3507
946		5498		4341612		3499
947		5523		4346186		3502
948		5499		4350758		3514
949		5436		4355333		3535
950		5487		4359918		3529
951		5413		4364502		3509
952		5337		4369083		3534
953		5331		4373661		3517
954		5338		4378224		3497
955		5342		4382814		3501
956		5371		4387402		3533
957		5296		4391977		3506
958		5272		4396544		3466
959		5200		4401141		3553
960		5280		4405734		3524
961		5399		4410310		3517
962		5479		4414892		3534
963		5501		4419481		3530
964		5548		4424065		3513
965		5497		4428646		3525
966		5479		4433214		3523
967		5501		4437798		3528
968		5487		4442384		3539
969		5426		4446966		3489
970		5482		4451547		3531
971		5414		4456108		3494
972		5419		4460692		3512
973		5361		4465264		3533
974		5365		4469853		3544
975		5327		4474423		3558
976		5419		4479007		3500
977		5377		4483576		3500
978		5390		4488167		3474
979		5445		4492743		3490
980		5419		4497317		3513
981		5356		4501889		3486
982		5412		4506449		3545
983		5424		4510998		3504
984		5438		4515575		3540
985		5473		4520160		3509
986		5477		4524739		3523
987		5370		4529301		3504
988		5491		4533897		3498
989		5601		4538492		3521
990		5600		4543077		3512
991		5601		4547684		3536
992		5686		4552259		3475
993		5682		4556832		3523
994		5614		4561385		3518
995		5458		4565958		3540
996		5537		4570535		3514
997		5588		4575128		3542
998		5518		4579707		3545
999		5538		4584281		3525
