# Migration is number of nodes that have changed color.

Round		Edge-Cut		Swaps		Migrations		Skipped
0		9057		4687		3105
1		8475		9376		3163
2		8264		14028		3239
3		8003		18689		3313
4		7776		23341		3329
5		7776		27994		3355
6		7609		32640		3390
7		7504		37274		3429
8		7398		41913		3410
9		7404		46555		3397
10		7421		51192		3390
11		7336		55826		3427
12		7201		60460		3403
13		7297		65094		3430
14		7156		69725		3469
15		7023		74356		3446
16		7012		78958		3491
17		6960		83550		3505
18		6801		88169		3423
19		6729		92784		3481
20		6747		97404		3472
21		6674		102007		3484
22		6680		106615		3492
23		6684		111223		3472
24		6580		115825		3553
25		6574		120422		3535
26		6594		125035		3463
27		6676		129663		3470
28		6631		134278		3510
29		6672		138891		3527
30		6566		143483		3565
31		6532		148072		3555
32		6445		152687		3541
33		6447		157290		3554
34		6342		161888		3550
35		6355		166482		3530
36		6275		171081		3505
37		6280		175663		3536
38		6249		180267		3531
39		6261		184864		3560
40		6175		189477		3548
41		6175		194087		3502
42		6195		198666		3507
43		6234		203248		3500
44		6225		207845		3502
45		6264		212441		3495
46		6177		217045		3523
47		6261		221651		3534
48		6255		226238		3535
49		6269		230825		3484
50		6317		235411		3512
51		6390		240020		3492
52		6301		244634		3499
53		6266		249232		3536
54		6350		253818		3514
55		6323		258421		3484
56		6188		263016		3481
57		6193		267617		3476
58		6210		272196		3486
59		6189		276775		3473
60		6272		281374		3527
61		6332		285985		3507
62		6328		290584		3494
63		6213		295156		3499
64		6154		299756		3496
65		6121		304346		3491
66		6147		308935		3462
67		6169		313532		3484
68		6231		318130		3480
69		6312		322729		3525
70		6288		327326		3494
71		6040		331934		3479
72		6132		336522		3500
73		6128		341112		3500
74		6189		345701		3444
75		6101		350278		3503
76		6168		354884		3494
77		6135		359459		3447
78		6088		364054		3481
79		6112		368658		3458
80		6055		373268		3472
81		6026		377864		3481
82		5958		382443		3483
83		6024		387039		3523
84		5922		391627		3520
85		5964		396185		3525
86		6113		400781		3511
87		5980		405364		3505
88		5943		409967		3534
89		5969		414553		3493
90		6033		419159		3514
91		6041		423742		3498
92		6048		428355		3481
93		6132		432935		3512
94		6009		437533		3530
95		6062		442128		3526
96		6073		446703		3492
97		6087		451304		3537
98		6004		455891		3512
99		6009		460456		3516
100		6024		465058		3477
101		5984		469654		3498
102		5999		474220		3492
103		6014		478812		3473
104		5976		483388		3466
105		5879		487982		3516
106		5914		492574		3510
107		5924		497185		3490
108		5960		501773		3494
109		5920		506356		3523
110		6008		510944		3513
111		5985		515543		3548
112		5861		520132		3503
113		5791		524690		3524
114		5822		529277		3485
115		5832		533878		3508
116		5879		538464		3519
117		5875		543052		3510
118		5912		547636		3545
119		5930		552231		3482
120		5860		556808		3530
121		5878		561398		3512
122		5791		565998		3529
123		5904		570586		3519
124		6008		575190		3492
125		5964		579779		3508
126		5895		584374		3482
127		5878		588947		3496
128		5927		593528		3547
129		5910		598123		3531
130		5860		602710		3562
131		5940		607298		3521
132		5950		611887		3526
133		5861		616493		3539
134		5808		621081		3500
135		5786		625675		3463
136		5794		630228		3491
137		5845		634793		3506
138		5827		639379		3469
139		5848		643946		3497
140		5857		648526		3499
141		5916		653113		3489
142		5800		657709		3505
143		5826		662293		3488
144		5770		666902		3490
145		5646		671494		3507
146		5724		676089		3513
147		5663		680668		3549
148		5732		685252		3538
149		5715		689833		3508
150		5658		694410		3542
151		5698		698995		3545
152		5698		703575		3500
153		5666		708169		3514
154		5757		712766		3528
155		5728		717353		3537
156		5759		721927		3509
157		5740		726524		3470
158		5782		731124		3524
159		5716		735708		3482
160		5726		740302		3520
161		5704		744891		3458
162		5773		749476		3522
163		5849		754065		3520
164		5826		758656		3534
165		5811		763238		3544
166		5775		767829		3497
167		5870		772420		3516
168		5822		777020		3513
169		5814		781597		3542
170		5822		786198		3552
171		5902		790784		3513
172		5927		795353		3517
173		5970		799917		3497
174		5869		804502		3541
175		5900		809103		3535
176		5917		813696		3531
177		5924		818270		3509
178		5879		822863		3519
179		5861		827448		3503
180		5779		832034		3537
181		5757		836623		3530
182		5784		841206		3524
183		5756		845818		3554
184		5836		850380		3525
185		5631		854955		3489
186		5691		859539		3505
187		5725		864115		3548
188		5633		868702		3530
189		5672		873270		3560
190		5752		877852		3520
191		5763		882436		3507
192		5750		887020		3515
193		5869		891600		3578
194		5804		896189		3551
195		5733		900801		3544
196		5683		905374		3529
197		5752		909953		3567
198		5764		914529		3536
199		5852		919114		3534
200		5892		923680		3534
201		5848		928263		3541
202		5765		932851		3529
203		5730		937436		3529
204		5763		942018		3553
205		5794		946596		3547
206		5807		951181		3523
207		5805		955748		3544
208		5789		960338		3578
209		5738		964937		3536
210		5842		969511		3570
211		5816		974081		3560
212		5866		978686		3499
213		5831		983280		3521
214		5766		987847		3538
215		5733		992434		3518
216		5875		997011		3517
217		5855		1001572		3545
218		5847		1006181		3518
219		5879		1010770		3542
220		5974		1015360		3478
221		5961		1019962		3542
222		5859		1024567		3493
223		5798		1029150		3515
224		5790		1033732		3497
225		5796		1038335		3538
226		5851		1042915		3533
227		5890		1047507		3526
228		5806		1052089		3560
229		5871		1056662		3562
230		5867		1061250		3554
231		5911		1065854		3527
232		5875		1070427		3540
233		5902		1075010		3538
234		5882		1079584		3535
235		5882		1084167		3576
236		5893		1088743		3544
237		5865		1093319		3562
238		5751		1097896		3541
239		5786		1102507		3533
240		5870		1107084		3528
241		5934		1111675		3551
242		5810		1116257		3564
243		5868		1120829		3522
244		5866		1125418		3527
245		5959		1129997		3512
246		5902		1134604		3552
247		5805		1139182		3555
248		5828		1143755		3535
249		5791		1148369		3506
250		5814		1152968		3514
251		5898		1157531		3525
252		5811		1162132		3466
253		5846		1166726		3494
254		5803		1171301		3499
255		5803		1175906		3475
256		5759		1180496		3484
257		5682		1185077		3511
258		5662		1189657		3528
259		5800		1194243		3525
260		5857		1198819		3464
261		5836		1203408		3515
262		5887		1207995		3500
263		5910		1212569		3470
264		5841		1217157		3486
265		5748		1221764		3511
266		5688		1226352		3519
267		5771		1230950		3504
268		5854		1235558		3522
269		5883		1240164		3502
270		5814		1244743		3514
271		5820		1249329		3529
272		5766		1253933		3504
273		5737		1258520		3543
274		5842		1263108		3550
275		5915		1267690		3510
276		5905		1272257		3535
277		5742		1276864		3541
278		5725		1281440		3562
279		5704		1286027		3508
280		5748		1290597		3566
281		5783		1295174		3542
282		5758		1299755		3559
283		5761		1304346		3541
284		5895		1308927		3537
285		5869		1313501		3560
286		5906		1318089		3583
287		5783		1322657		3563
288		5819		1327233		3499
289		5840		1331821		3533
290		5833		1336405		3539
291		5855		1341015		3501
292		5752		1345583		3507
293		5900		1350165		3504
294		5850		1354769		3520
295		5795		1359358		3538
296		5839		1363947		3517
297		5695		1368538		3513
298		5736		1373122		3514
299		5655		1377694		3543
300		5645		1382281		3514
301		5580		1386855		3533
302		5588		1391437		3493
303		5705		1396017		3511
304		5696		1400599		3527
305		5700		1405187		3514
306		5744		1409782		3532
307		5772		1414377		3547
308		5743		1418962		3550
309		5831		1423547		3495
310		5852		1428143		3517
311		5674		1432722		3523
312		5744		1437312		3554
313		5810		1441879		3549
314		5805		1446468		3551
315		5749		1451055		3576
316		5792		1455637		3556
317		5699		1460221		3516
318		5657		1464793		3552
319		5715		1469393		3529
320		5704		1473981		3488
321		5804		1478556		3495
322		5708		1483153		3534
323		5945		1487744		3543
324		5875		1492353		3558
325		5829		1496930		3520
326		5814		1501503		3498
327		5695		1506089		3538
328		5736		1510657		3516
329		5704		1515213		3532
330		5721		1519780		3543
331		5805		1524350		3525
332		5819		1528956		3508
333		5788		1533527		3526
334		5877		1538116		3472
335		5894		1542684		3536
336		5882		1547289		3522
337		5825		1551870		3529
338		5649		1556425		3525
339		5701		1561005		3506
340		5762		1565591		3546
341		5748		1570169		3535
342		5793		1574750		3510
343		5761		1579325		3536
344		5784		1583908		3524
345		5936		1588507		3512
346		5974		1593097		3537
347		5953		1597700		3529
348		5983		1602295		3561
349		5989		1606893		3554
350		6039		1611483		3505
351		5950		1616062		3514
352		5873		1620660		3564
353		5997		1625260		3534
354		5911		1629873		3549
355		5913		1634464		3520
356		5859		1639050		3535
357		5834		1643638		3550
358		5906		1648246		3556
359		5828		1652831		3563
360		5777		1657417		3544
361		5836		1662005		3558
362		5850		1666582		3568
363		5760		1671148		3548
364		5816		1675735		3536
365		5780		1680315		3533
366		5766		1684889		3530
367		5741		1689486		3537
368		5945		1694083		3533
369		5811		1698677		3539
370		5968		1703284		3564
371		5919		1707880		3512
372		5823		1712474		3543
373		5933		1717066		3502
374		5908		1721653		3497
375		5925		1726241		3526
376		5876		1730830		3504
377		5869		1735426		3540
378		5883		1740021		3526
379		5852		1744602		3507
380		5973		1749217		3497
381		5822		1753796		3494
382		5791		1758362		3501
383		5837		1762970		3482
384		5728		1767552		3470
385		5796		1772119		3474
386		5738		1776682		3501
387		5670		1781270		3531
388		5795		1785864		3485
389		5830		1790443		3507
390		5855		1795030		3480
391		5790		1799639		3515
392		5807		1804217		3503
393		5881		1808795		3487
394		5817		1813389		3514
395		5780		1817961		3519
396		5863		1822550		3525
397		5812		1827160		3487
398		5876		1831747		3488
399		5816		1836319		3522
400		5768		1840901		3542
401		5853		1845492		3524
402		5822		1850084		3517
403		5873		1854688		3496
404		5757		1859279		3505
405		5949		1863862		3509
406		5771		1868456		3526
407		5819		1873043		3507
408		5824		1877630		3499
409		5869		1882220		3517
410		5781		1886800		3497
411		5801		1891387		3500
412		5827		1895974		3521
413		5824		1900565		3507
414		5773		1905152		3487
415		5759		1909733		3513
416		5788		1914339		3477
417		5735		1918923		3480
418		5713		1923519		3503
419		5743		1928110		3489
420		5636		1932728		3477
421		5737		1937299		3545
422		5706		1941898		3499
423		5720		1946473		3531
424		5737		1951069		3545
425		5621		1955646		3471
426		5680		1960212		3519
427		5749		1964790		3515
428		5776		1969366		3513
429		5652		1973951		3499
430		5715		1978543		3494
431		5682		1983112		3512
432		5699		1987692		3490
433		5596		1992279		3536
434		5603		1996861		3482
435		5555		2001436		3499
436		5616		2006010		3470
437		5735		2010595		3536
438		5693		2015183		3533
439		5745		2019764		3512
440		5646		2024350		3487
441		5586		2028928		3460
442		5493		2033523		3466
443		5548		2038124		3466
444		5595		2042702		3501
445		5645		2047287		3489
446		5641		2051874		3490
447		5653		2056455		3511
448		5609		2061035		3501
449		5589		2065598		3508
450		5642		2070170		3523
451		5662		2074753		3478
452		5691		2079323		3522
453		5621		2083872		3497
454		5634		2088439		3537
455		5701		2093041		3476
456		5761		2097620		3510
457		5713		2102201		3492
458		5754		2106798		3494
459		5846		2111385		3524
460		5734		2115970		3551
461		5705		2120548		3557
462		5751		2125123		3507
463		5765		2129715		3470
464		5804		2134317		3543
465		5793		2138875		3532
466		5799		2143465		3505
467		5744		2148054		3521
468		5756		2152643		3519
469		5787		2157220		3539
470		5707		2161817		3552
471		5650		2166409		3514
472		5732		2170992		3529
473		5629		2175586		3478
474		5722		2180181		3518
475		5716		2184744		3501
476		5808		2189342		3531
477		5761		2193909		3547
478		5843		2198505		3540
479		5724		2203066		3526
480		5781		2207636		3560
481		5740		2212224		3518
482		5792		2216811		3528
483		5777		2221392		3537
484		5842		2225992		3554
485		5771		2230581		3552
486		5754		2235160		3517
487		5840		2239763		3549
488		5784		2244360		3535
489		5771		2248942		3545
490		5788		2253531		3539
491		5835		2258139		3566
492		5737		2262735		3536
493		5788		2267313		3562
494		5858		2271896		3588
495		5769		2276486		3574
496		5700		2281081		3529
497		5808		2285692		3527
498		5731		2290283		3507
499		5647		2294857		3524
500		5739		2299431		3466
501		5724		2304016		3523
502		5711		2308591		3492
503		5613		2313176		3534
504		5648		2317737		3512
505		5613		2322303		3550
506		5699		2326871		3521
507		5502		2331447		3524
508		5628		2336026		3506
509		5673		2340613		3514
510		5639		2345203		3524
511		5633		2349751		3533
512		5577		2354347		3507
513		5538		2358920		3467
514		5487		2363520		3523
515		5619		2368105		3521
516		5629		2372705		3519
517		5664		2377283		3458
518		5556		2381878		3483
519		5496		2386443		3493
520		5616		2391017		3503
521		5530		2395567		3519
522		5561		2400154		3511
523		5592		2404754		3537
524		5671		2409349		3488
525		5647		2413932		3485
526		5720		2418516		3504
527		5682		2423107		3516
528		5597		2427661		3515
529		5584		2432242		3527
530		5646		2436816		3492
531		5757		2441410		3508
532		5714		2445976		3532
533		5723		2450564		3512
534		5701		2455152		3528
535		5637		2459728		3520
536		5705		2464293		3546
537		5652		2468870		3494
538		5728		2473467		3502
539		5557		2478050		3526
540		5549		2482636		3519
541		5533		2487205		3498
542		5571		2491801		3504
543		5557		2496377		3475
544		5672		2500978		3497
545		5666		2505576		3517
546		5669		2510159		3484
547		5598		2514734		3478
548		5643		2519305		3521
549		5712		2523871		3508
550		5600		2528450		3527
551		5558		2533038		3512
552		5557		2537604		3563
553		5664		2542185		3553
554		5594		2546773		3564
555		5587		2551351		3500
556		5577		2555943		3551
557		5732		2560517		3539
558		5720		2565122		3524
559		5699		2569705		3561
560		5626		2574290		3528
561		5617		2578877		3540
562		5613		2583474		3548
563		5696		2588055		3543
564		5761		2592668		3547
565		5675		2597255		3534
566		5683		2601827		3534
567		5616		2606398		3512
568		5685		2610982		3496
569		5718		2615574		3531
570		5721		2620156		3542
571		5728		2624706		3533
572		5677		2629295		3535
573		5664		2633889		3568
574		5664		2638452		3497
575		5607		2643031		3562
576		5688		2647619		3524
577		5727		2652204		3545
578		5817		2656789		3510
579		5786		2661362		3524
580		5740		2665929		3506
581		5824		2670526		3515
582		5748		2675122		3535
583		5709		2679702		3544
584		5677		2684302		3523
585		5728		2688886		3564
586		5834		2693468		3536
587		5801		2698051		3524
588		5786		2702610		3530
589		5853		2707178		3520
590		5846		2711756		3543
591		5850		2716335		3517
592		5797		2720905		3539
593		5866		2725475		3489
594		5874		2730044		3518
595		5837		2734637		3528
596		5791		2739220		3544
597		5821		2743794		3492
598		5877		2748365		3511
599		5980		2752958		3513
600		5998		2757521		3517
601		5984		2762097		3485
602		5955		2766681		3523
603		5877		2771265		3543
604		5849		2775835		3487
605		5899		2780420		3549
606		5857		2785007		3535
607		5848		2789590		3536
608		5862		2794173		3528
609		5877		2798748		3516
610		5948		2803327		3491
611		6004		2807919		3547
612		5884		2812507		3515
613		5858		2817110		3516
614		5825		2821698		3537
615		5839		2826277		3541
616		5745		2830868		3517
617		5728		2835452		3546
618		5842		2840040		3529
619		5878		2844648		3523
620		5840		2849228		3546
621		5872		2853799		3503
622		5788		2858368		3540
623		5838		2862970		3521
624		5821		2867542		3503
625		5739		2872114		3513
626		5821		2876715		3516
627		5746		2881302		3507
628		5829		2885874		3522
629		5834		2890474		3535
630		5689		2895044		3549
631		5693		2899631		3536
632		5655		2904201		3537
633		5610		2908781		3517
634		5679		2913356		3524
635		5703		2917946		3516
636		5690		2922537		3522
637		5655		2927121		3524
638		5701		2931691		3501
639		5753		2936270		3521
640		5740		2940849		3533
641		5780		2945427		3515
642		5697		2949999		3503
643		5633		2954566		3480
644		5629		2959132		3516
645		5615		2963708		3531
646		5653		2968282		3538
647		5694		2972875		3515
648		5621		2977470		3538
649		5710		2982063		3558
650		5751		2986662		3539
651		5752		2991254		3512
652		5779		2995822		3515
653		5668		3000401		3513
654		5670		3004980		3473
655		5796		3009548		3523
656		5815		3014152		3540
657		5805		3018754		3497
658		5766		3023353		3484
659		5751		3027932		3513
660		5740		3032499		3527
661		5757		3037090		3547
662		5785		3041676		3551
663		5714		3046260		3521
664		5757		3050830		3517
665		5622		3055418		3509
666		5801		3059989		3550
667		5815		3064563		3538
668		5848		3069158		3516
669		5880		3073741		3512
670		5736		3078334		3469
671		5772		3082924		3533
672		5708		3087496		3550
673		5829		3092075		3530
674		5788		3096646		3506
675		5836		3101210		3500
676		5896		3105791		3474
677		5806		3110385		3535
678		5740		3114958		3514
679		5751		3119562		3532
680		5780		3124135		3539
681		5707		3128712		3526
682		5673		3133294		3536
683		5740		3137856		3488
684		5749		3142446		3516
685		5744		3147045		3546
686		5845		3151628		3515
687		5854		3156206		3522
688		5821		3160800		3531
689		5874		3165395		3528
690		5897		3169974		3518
691		5749		3174553		3511
692		5823		3179165		3523
693		5905		3183744		3512
694		5873		3188343		3462
695		5803		3192921		3507
696		5888		3197515		3502
697		5795		3202106		3489
698		5780		3206704		3503
699		5710		3211297		3462
700		5846		3215896		3457
701		5787		3220496		3469
702		5782		3225068		3496
703		5761		3229670		3503
704		5732		3234271		3491
705		5745		3238850		3522
706		5708		3243414		3531
707		5770		3247995		3548
708		5864		3252586		3588
709		5832		3257176		3532
710		5823		3261784		3517
711		5779		3266377		3454
712		5767		3270975		3520
713		5720		3275556		3492
714		5655		3280143		3541
715		5687		3284721		3510
716		5602		3289289		3520
717		5630		3293867		3533
718		5773		3298446		3485
719		5826		3303027		3542
720		5761		3307626		3525
721		5665		3312203		3543
722		5771		3316775		3549
723		5696		3321350		3561
724		5763		3325936		3559
725		5691		3330526		3548
726		5679		3335122		3530
727		5701		3339702		3504
728		5644		3344294		3546
729		5672		3348859		3550
730		5742		3353454		3521
731		5735		3358042		3520
732		5696		3362638		3584
733		5561		3367231		3539
734		5507		3371791		3535
735		5540		3376370		3493
736		5631		3380945		3525
737		5573		3385525		3544
738		5451		3390095		3492
739		5688		3394688		3506
740		5678		3399276		3541
741		5704		3403849		3539
742		5732		3408440		3527
743		5664		3413010		3512
744		5739		3417598		3553
745		5739		3422173		3490
746		5813		3426759		3558
747		5787		3431350		3488
748		5763		3435918		3537
749		5699		3440511		3504
750		5723		3445105		3555
751		5691		3449685		3497
752		5577		3454260		3513
753		5683		3458837		3544
754		5716		3463425		3518
755		5736		3468010		3528
756		5665		3472588		3499
757		5651		3477182		3557
758		5703		3481756		3524
759		5729		3486333		3515
760		5758		3490927		3534
761		5856		3495499		3496
762		5826		3500099		3543
763		5728		3504678		3507
764		5730		3509252		3480
765		5751		3513835		3500
766		5790		3518417		3561
767		5796		3523006		3521
768		5859		3527595		3552
769		5837		3532169		3532
770		5871		3536780		3506
771		5884		3541379		3539
772		5811		3545949		3535
773		5823		3550526		3513
774		5806		3555101		3507
775		5745		3559680		3504
776		5648		3564250		3514
777		5575		3568832		3481
778		5642		3573422		3518
779		5677		3577986		3529
780		5690		3582567		3504
781		5700		3587135		3498
782		5578		3591723		3532
783		5622		3596293		3533
784		5690		3600896		3493
785		5633		3605483		3532
786		5694		3610063		3533
787		5729		3614663		3561
788		5756		3619252		3514
789		5675		3623829		3475
790		5598		3628412		3488
791		5617		3632997		3542
792		5524		3637573		3498
793		5449		3642117		3485
794		5596		3646697		3507
795		5629		3651270		3498
796		5700		3655857		3520
797		5661		3660458		3521
798		5582		3665052		3518
799		5744		3669627		3491
800		5648		3674210		3515
801		5684		3678807		3538
802		5658		3683385		3509
803		5613		3687966		3476
804		5582		3692538		3532
805		5530		3697115		3480
806		5604		3701689		3516
807		5561		3706266		3524
808		5602		3710855		3552
809		5608		3715443		3535
810		5606		3720018		3524
811		5676		3724615		3507
812		5659		3729216		3475
813		5636		3733781		3481
814		5658		3738358		3494
815		5641		3742937		3514
816		5594		3747530		3517
817		5622		3752108		3531
818		5672		3756668		3510
819		5675		3761245		3485
820		5643		3765817		3505
821		5719		3770383		3497
822		5733		3774955		3508
823		5720		3779542		3486
824		5677		3784119		3496
825		5698		3788727		3535
826		5606		3793321		3522
827		5646		3797903		3523
828		5706		3802487		3490
829		5605		3807071		3568
830		5560		3811644		3574
831		5618		3816209		3553
832		5696		3820789		3561
833		5640		3825386		3525
834		5691		3829955		3529
835		5702		3834549		3501
836		5758		3839124		3523
837		5727		3843699		3526
838		5759		3848317		3512
839		5799		3852902		3489
840		5766		3857485		3528
841		5665		3862070		3513
842		5716		3866661		3512
843		5719		3871259		3515
844		5731		3875848		3538
845		5663		3880433		3539
846		5728		3885006		3506
847		5778		3889589		3510
848		5738		3894168		3521
849		5836		3898754		3521
850		5861		3903338		3537
851		5824		3907930		3486
852		5781		3912544		3521
853		5838		3917119		3515
854		5821		3921730		3499
855		5845		3926304		3472
856		5835		3930885		3507
857		5970		3935467		3487
858		5920		3940057		3526
859		5804		3944645		3514
860		5859		3949240		3529
861		5858		3953823		3523
862		5851		3958411		3528
863		5737		3962996		3509
864		5803		3967570		3508
865		5807		3972164		3490
866		5780		3976742		3487
867		5710		3981310		3449
868		5661		3985902		3506
869		5644		3990487		3516
870		5687		3995078		3514
871		5766		3999636		3530
872		5765		4004225		3508
873		5790		4008813		3509
874		5648		4013413		3475
875		5645		4017998		3467
876		5702		4022567		3536
877		5727		4027176		3493
878		5572		4031743		3522
879		5593		4036314		3546
880		5482		4040882		3550
881		5551		4045471		3509
882		5571		4050049		3560
883		5598		4054621		3496
884		5654		4059208		3508
885		5616		4063775		3501
886		5686		4068362		3525
887		5684		4072951		3554
888		5623		4077536		3509
889		5609		4082119		3514
890		5658		4086703		3490
891		5684		4091286		3519
892		5612		4095868		3556
893		5674		4100455		3565
894		5648		4105028		3579
895		5703		4109604		3521
896		5707		4114170		3527
897		5733		4118744		3562
898		5639		4123320		3522
899		5678		4127905		3546
900		5642		4132479		3526
901		5614		4137087		3580
902		5621		4141680		3561
903		5632		4146277		3530
904		5569		4150852		3565
905		5627		4155442		3568
906		5731		4160045		3543
907		5666		4164623		3522
908		5597		4169202		3552
909		5596		4173770		3535
910		5723		4178368		3519
911		5689		4182970		3530
912		5749		4187553		3502
913		5614		4192143		3479
914		5675		4196734		3481
915		5628		4201299		3539
916		5662		4205878		3514
917		5631		4210479		3521
918		5552		4215040		3541
919		5537		4219609		3562
920		5552		4224177		3547
921		5611		4228769		3543
922		5669		4233348		3526
923		5697		4237947		3549
924		5691		4242535		3545
925		5583		4247119		3506
926		5582		4251694		3526
927		5604		4256252		3531
928		5586		4260831		3544
929		5706		4265414		3537
930		5661		4269998		3490
931		5615		4274578		3538
932		5611		4279154		3546
933		5728		4283731		3553
934		5625		4288296		3515
935		5724		4292854		3564
936		5702		4297446		3539
937		5669		4302044		3536
938		5718		4306641		3572
939		5606		4311233		3515
940		5607		4315829		3547
941		5659		4320408		3516
942		5610		4324997		3537
943		5623		4329561		3545
944		5648		4334141		3540
945		5633		4338712		3516
946		5586		4343290		3514
947		5594		4347849		3547
948		5550		4352419		3574
949		5438		4356991		3542
950		5532		4361584		3559
951		5515		4366170		3523
952		5442		4370762		3507
953		5429		4375351		3508
954		5492		4379922		3551
955		5441		4384489		3507
956		5475		4389052		3507
957		5579		4393627		3542
958		5625		4398197		3540
959		5616		4402776		3519
960		5596		4407351		3542
961		5596		4411934		3494
962		5649		4416490		3535
963		5618		4421078		3515
964		5518		4425670		3527
965		5630		4430246		3526
966		5518		4434799		3485
967		5595		4439379		3535
968		5520		4443952		3515
969		5681		4448565		3537
970		5656		4453157		3536
971		5688		4457740		3511
972		5699		4462320		3527
973		5721		4466928		3548
974		5735		4471512		3571
975		5636		4476095		3516
976		5613		4480678		3507
977		5735		4485247		3506
978		5717		4489820		3527
979		5626		4494407		3492
980		5622		4498971		3530
981		5638		4503550		3529
982		5535		4508127		3538
983		5664		4512696		3526
984		5609		4517282		3507
985		5691		4521861		3527
986		5643		4526443		3544
987		5627		4531012		3554
988		5697		4535609		3553
989		5616		4540186		3563
990		5582		4544762		3533
991		5587		4549357		3510
992		5580		4553927		3502
993		5537		4558506		3515
994		5644		4563086		3495
995		5619		4567664		3538
996		5563		4572245		3494
997		5697		4576824		3539
998		5635		4581404		3544
999		5722		4585998		3503
