# Migration is number of nodes that have changed color.

Round		Edge-Cut		Swaps		Migrations		Skipped
0		8968		4695		3120
1		8459		9369		3172
2		8189		14028		3236
3		7893		18670		3283
4		7765		23322		3284
5		7685		27976		3268
6		7556		32611		3334
7		7427		37251		3384
8		7461		41891		3376
9		7316		46525		3394
10		7240		51158		3400
11		7042		55785		3375
12		7042		60393		3367
13		7081		64996		3435
14		6958		69617		3422
15		7033		74229		3444
16		6927		78846		3477
17		6980		83464		3458
18		6920		88090		3453
19		6938		92700		3447
20		6850		97310		3480
21		6840		101940		3507
22		6734		106564		3468
23		6571		111153		3438
24		6480		115757		3443
25		6540		120359		3439
26		6438		124977		3435
27		6437		129558		3435
28		6485		134162		3468
29		6463		138770		3482
30		6563		143384		3449
31		6555		148011		3455
32		6579		152641		3512
33		6622		157244		3492
34		6610		161854		3518
35		6540		166448		3484
36		6557		171076		3472
37		6500		175675		3485
38		6510		180288		3469
39		6449		184883		3441
40		6472		189476		3454
41		6434		194082		3487
42		6441		198702		3461
43		6349		203295		3449
44		6275		207889		3476
45		6376		212480		3453
46		6319		217076		3441
47		6384		221682		3499
48		6287		226285		3490
49		6242		230892		3483
50		6304		235504		3429
51		6221		240080		3454
52		6277		244680		3455
53		6183		249285		3481
54		6284		253890		3491
55		6249		258495		3477
56		6229		263104		3484
57		6310		267699		3480
58		6241		272296		3498
59		6195		276880		3537
60		6279		281488		3503
61		6144		286086		3479
62		6207		290686		3467
63		6157		295290		3493
64		6218		299889		3461
65		6118		304491		3475
66		6155		309085		3492
67		6173		313668		3535
68		6170		318272		3503
69		6119		322860		3520
70		6187		327451		3493
71		6050		332040		3509
72		5985		336617		3474
73		5991		341211		3502
74		5973		345799		3476
75		6064		350407		3506
76		5957		354989		3491
77		6072		359591		3451
78		6098		364181		3525
79		6148		368790		3487
80		6013		373368		3482
81		6018		377952		3494
82		6058		382532		3460
83		5986		387126		3522
84		6058		391716		3511
85		6047		396298		3501
86		6087		400892		3508
87		6191		405490		3522
88		6129		410090		3510
89		6072		414672		3517
90		6107		419266		3532
91		6028		423852		3516
92		5994		428448		3513
93		5964		433021		3530
94		5861		437634		3483
95		5923		442214		3511
96		5880		446794		3496
97		5769		451388		3531
98		5801		455985		3463
99		5897		460578		3553
100		5823		465182		3543
101		5811		469768		3546
102		5775		474346		3502
103		5789		478930		3527
104		5839		483519		3526
105		5789		488129		3493
106		5719		492716		3510
107		5697		497285		3488
108		5710		501851		3498
109		5747		506430		3485
110		5773		511018		3503
111		5679		515595		3499
112		5709		520159		3503
113		5769		524734		3496
114		5723		529322		3503
115		5709		533905		3489
116		5746		538499		3539
117		5722		543078		3522
118		5802		547660		3562
119		5698		552244		3563
120		5828		556823		3563
121		5798		561394		3535
122		5723		565965		3507
123		5799		570552		3515
124		5873		575140		3535
125		5824		579709		3498
126		5909		584286		3503
127		5905		588879		3526
128		5983		593480		3525
129		5850		598078		3495
130		5950		602650		3495
131		5931		607240		3553
132		5855		611799		3544
133		5811		616356		3517
134		5771		620943		3503
135		5735		625554		3541
136		5655		630142		3563
137		5696		634738		3531
138		5679		639307		3523
139		5710		643915		3513
140		5747		648508		3512
141		5759		653112		3547
142		5828		657705		3541
143		5809		662278		3530
144		5756		666869		3498
145		5784		671465		3504
146		5803		676039		3561
147		5786		680588		3512
148		5736		685176		3518
149		5685		689739		3507
150		5684		694320		3585
151		5708		698909		3521
152		5735		703488		3515
153		5701		708063		3543
154		5674		712673		3529
155		5649		717271		3536
156		5653		721851		3495
157		5699		726439		3520
158		5674		731023		3514
159		5576		735598		3539
160		5702		740177		3525
161		5741		744768		3524
162		5763		749362		3506
163		5699		753953		3507
164		5775		758542		3551
165		5702		763130		3535
166		5684		767720		3523
167		5782		772295		3506
168		5816		776900		3502
169		5837		781476		3519
170		5763		786070		3523
171		5706		790666		3546
172		5707		795239		3504
173		5709		799828		3559
174		5729		804418		3535
175		5634		809010		3553
176		5602		813604		3500
177		5610		818184		3509
178		5752		822760		3530
179		5706		827334		3507
180		5721		831905		3499
181		5708		836496		3529
182		5731		841083		3491
183		5650		845676		3531
184		5701		850271		3509
185		5734		854862		3500
186		5593		859444		3496
187		5576		864032		3534
188		5694		868621		3525
189		5555		873190		3482
190		5557		877774		3482
191		5627		882359		3535
192		5687		886934		3578
193		5570		891525		3550
194		5691		896127		3480
195		5643		900706		3514
196		5638		905289		3540
197		5721		909854		3505
198		5655		914439		3540
199		5698		919028		3542
200		5690		923605		3521
201		5752		928187		3551
202		5862		932783		3527
203		5849		937355		3539
204		5811		941924		3502
205		5814		946509		3521
206		5713		951094		3501
207		5492		955677		3509
208		5517		960244		3494
209		5651		964830		3544
210		5692		969420		3510
211		5694		974013		3555
212		5775		978597		3513
213		5858		983179		3517
214		5791		987765		3512
215		5770		992382		3517
216		5665		996970		3489
217		5685		1001566		3543
218		5667		1006161		3531
219		5583		1010729		3499
220		5604		1015303		3562
221		5537		1019888		3579
222		5544		1024457		3540
223		5540		1029031		3566
224		5648		1033623		3563
225		5604		1038208		3551
226		5625		1042792		3554
227		5665		1047366		3520
228		5611		1051946		3549
229		5622		1056510		3546
230		5572		1061089		3564
231		5574		1065656		3548
232		5688		1070243		3571
233		5723		1074815		3531
234		5607		1079394		3542
235		5664		1083976		3503
236		5655		1088571		3498
237		5687		1093137		3550
238		5686		1097743		3551
239		5712		1102339		3503
240		5646		1106923		3554
241		5596		1111507		3533
242		5680		1116090		3551
243		5693		1120664		3540
244		5702		1125241		3530
245		5827		1129817		3494
246		5708		1134402		3503
247		5797		1139005		3524
248		5884		1143578		3531
249		5908		1148163		3539
250		5782		1152739		3520
251		5746		1157329		3583
252		5755		1161936		3549
253		5827		1166496		3515
254		5810		1171082		3497
255		5729		1175640		3545
256		5623		1180230		3540
257		5704		1184818		3481
258		5566		1189417		3496
259		5555		1194008		3528
260		5533		1198609		3507
261		5501		1203178		3566
262		5567		1207802		3507
263		5557		1212384		3518
264		5536		1216971		3523
265		5594		1221554		3488
266		5545		1226110		3553
267		5577		1230679		3553
268		5575		1235254		3537
269		5500		1239829		3530
270		5520		1244413		3514
271		5603		1248992		3558
272		5633		1253562		3489
273		5632		1258126		3508
274		5633		1262709		3544
275		5641		1267275		3490
276		5615		1271860		3541
277		5612		1276434		3537
278		5581		1281012		3485
279		5669		1285580		3549
280		5593		1290150		3527
281		5688		1294750		3528
282		5723		1299320		3530
283		5671		1303897		3519
284		5723		1308499		3527
285		5721		1313084		3530
286		5780		1317665		3484
287		5765		1322250		3511
288		5767		1326854		3541
289		5699		1331441		3520
290		5744		1336030		3564
291		5765		1340615		3553
292		5667		1345209		3566
293		5644		1349785		3534
294		5683		1354381		3541
295		5705		1358969		3487
296		5758		1363554		3571
297		5699		1368126		3543
298		5726		1372716		3558
299		5760		1377296		3537
300		5707		1381870		3584
301		5741		1386454		3553
302		5648		1391019		3543
303		5679		1395605		3541
304		5634		1400185		3492
305		5647		1404782		3478
306		5666		1409378		3507
307		5568		1413967		3519
308		5621		1418561		3523
309		5530		1423172		3520
310		5623		1427724		3519
311		5633		1432317		3525
312		5485		1436899		3536
313		5498		1441465		3524
314		5582		1446044		3561
315		5596		1450642		3584
316		5724		1455224		3552
317		5697		1459813		3558
318		5595		1464387		3530
319		5623		1468973		3516
320		5659		1473518		3526
321		5699		1478109		3563
322		5626		1482697		3519
323		5597		1487259		3503
324		5525		1491827		3510
325		5564		1496416		3549
326		5533		1501005		3532
327		5525		1505564		3555
328		5576		1510141		3524
329		5667		1514705		3513
330		5589		1519291		3520
331		5543		1523871		3518
332		5504		1528444		3554
333		5416		1533004		3498
334		5434		1537574		3525
335		5410		1542150		3529
336		5468		1546742		3567
337		5337		1551314		3568
338		5513		1555901		3536
339		5540		1560485		3532
340		5515		1565071		3511
341		5547		1569643		3539
342		5640		1574216		3529
343		5506		1578793		3512
344		5415		1583357		3548
345		5453		1587939		3468
346		5511		1592516		3536
347		5508		1597080		3500
348		5480		1601657		3540
349		5513		1606229		3502
350		5515		1610789		3485
351		5503		1615385		3499
352		5510		1619959		3493
353		5461		1624542		3502
354		5506		1629118		3520
355		5562		1633709		3488
356		5546		1638267		3509
357		5528		1642869		3509
358		5383		1647453		3539
359		5485		1652038		3529
360		5530		1656611		3492
361		5574		1661190		3512
362		5451		1665780		3503
363		5530		1670364		3483
364		5564		1674931		3528
365		5455		1679506		3501
366		5489		1684078		3504
367		5473		1688648		3491
368		5447		1693212		3505
369		5555		1697782		3550
370		5478		1702348		3577
371		5545		1706907		3521
372		5448		1711481		3515
373		5545		1716056		3519
374		5568		1720653		3501
375		5427		1725226		3550
376		5573		1729800		3523
377		5562		1734375		3513
378		5699		1738962		3530
379		5764		1743569		3532
380		5644		1748178		3524
381		5656		1752764		3522
382		5587		1757335		3522
383		5576		1761901		3491
384		5525		1766481		3517
385		5537		1771068		3512
386		5577		1775665		3511
387		5532		1780254		3547
388		5556		1784836		3525
389		5564		1789411		3523
390		5685		1793988		3535
391		5694		1798571		3532
392		5638		1803152		3508
393		5544		1807743		3569
394		5535		1812316		3585
395		5487		1816910		3535
396		5584		1821472		3522
397		5666		1826052		3523
398		5702		1830653		3515
399		5776		1835234		3546
400		5748		1839832		3559
401		5663		1844388		3570
402		5627		1848971		3538
403		5647		1853540		3552
404		5590		1858142		3510
405		5565		1862708		3531
406		5635		1867281		3558
407		5641		1871840		3557
408		5641		1876433		3523
409		5668		1881015		3501
410		5588		1885603		3521
411		5674		1890191		3506
412		5619		1894776		3493
413		5654		1899343		3507
414		5646		1903935		3520
415		5657		1908522		3511
416		5628		1913107		3525
417		5625		1917679		3494
418		5578		1922279		3528
419		5597		1926846		3529
420		5557		1931412		3527
421		5511		1935968		3522
422		5483		1940551		3538
423		5485		1945113		3544
424		5530		1949686		3519
425		5561		1954270		3494
426		5501		1958833		3542
427		5552		1963423		3495
428		5575		1967995		3502
429		5597		1972567		3501
430		5581		1977131		3499
431		5540		1981696		3501
432		5646		1986291		3489
433		5606		1990857		3531
434		5500		1995446		3496
435		5516		2000039		3471
436		5502		2004597		3498
437		5569		2009190		3463
438		5677		2013769		3513
439		5640		2018371		3544
440		5613		2022960		3517
441		5568		2027532		3567
442		5630		2032109		3542
443		5521		2036685		3532
444		5531		2041267		3532
445		5498		2045846		3526
446		5643		2050411		3553
447		5583		2055001		3558
448		5548		2059588		3498
449		5503		2064192		3523
450		5489		2068769		3508
451		5570		2073329		3530
452		5599		2077903		3525
453		5618		2082504		3505
454		5574		2087096		3521
455		5585		2091670		3511
456		5521		2096257		3524
457		5525		2100824		3534
458		5569		2105414		3532
459		5601		2110004		3500
460		5681		2114573		3465
461		5634		2119136		3484
462		5629		2123712		3518
463		5641		2128298		3517
464		5669		2132888		3489
465		5652		2137483		3505
466		5594		2142034		3454
467		5632		2146614		3503
468		5599		2151185		3498
469		5618		2155770		3532
470		5647		2160345		3513
471		5616		2164927		3504
472		5626		2169504		3533
473		5566		2174088		3523
474		5569		2178642		3531
475		5644		2183218		3478
476		5721		2187797		3517
477		5716		2192372		3474
478		5637		2196953		3510
479		5639		2201538		3539
480		5645		2206114		3492
481		5661		2210703		3539
482		5798		2215287		3508
483		5726		2219886		3513
484		5624		2224478		3515
485		5703		2229072		3482
486		5832		2233658		3508
487		5819		2238266		3477
488		5818		2242863		3510
489		5810		2247454		3512
490		5673		2252038		3497
491		5658		2256619		3474
492		5672		2261182		3480
493		5728		2265765		3472
494		5649		2270347		3481
495		5727		2274927		3516
496		5704		2279503		3542
497		5688		2284080		3514
498		5727		2288668		3491
499		5759		2293238		3499
500		5710		2297833		3540
501		5645		2302410		3496
502		5615		2306989		3535
503		5668		2311579		3498
504		5698		2316165		3470
505		5649		2320759		3536
506		5712		2325327		3517
507		5628		2329906		3552
508		5689		2334510		3546
509		5669		2339086		3546
510		5715		2343673		3547
511		5647		2348258		3547
512		5702		2352838		3552
513		5802		2357422		3534
514		5736		2362006		3564
515		5831		2366609		3559
516		5738		2371186		3519
517		5671		2375770		3491
518		5761		2380371		3553
519		5751		2384958		3560
520		5723		2389561		3535
521		5634		2394152		3540
522		5634		2398726		3523
523		5702		2403302		3570
524		5566		2407879		3569
525		5582		2412462		3514
526		5585		2417039		3518
527		5676		2421625		3519
528		5595		2426185		3544
529		5582		2430742		3533
530		5698		2435328		3521
531		5593		2439906		3518
532		5640		2444499		3531
533		5638		2449078		3493
534		5587		2453656		3537
535		5583		2458222		3526
536		5544		2462809		3525
537		5583		2467396		3533
538		5558		2471972		3528
539		5594		2476555		3525
540		5651		2481134		3559
541		5549		2485719		3554
542		5571		2490308		3569
543		5634		2494899		3539
544		5745		2499484		3498
545		5606		2504052		3502
546		5686		2508637		3536
547		5704		2513211		3552
548		5641		2517787		3535
549		5632		2522361		3536
550		5642		2526959		3566
551		5653		2531535		3509
552		5685		2536093		3494
553		5748		2540691		3526
554		5684		2545264		3545
555		5719		2549833		3527
556		5773		2554401		3544
557		5779		2558983		3493
558		5817		2563565		3534
559		5761		2568137		3531
560		5718		2572724		3539
561		5758		2577296		3541
562		5726		2581898		3551
563		5739		2586488		3543
564		5788		2591058		3561
565		5792		2595659		3511
566		5750		2600250		3501
567		5834		2604829		3512
568		5757		2609404		3546
569		5723		2614002		3534
570		5775		2618572		3511
571		5877		2623164		3492
572		5806		2627768		3516
573		5802		2632377		3556
574		5737		2636968		3528
575		5762		2641557		3569
576		5684		2646151		3544
577		5769		2650739		3556
578		5847		2655328		3564
579		5898		2659928		3547
580		5938		2664520		3538
581		5895		2669114		3526
582		5800		2673708		3544
583		5870		2678282		3540
584		5794		2682864		3528
585		5826		2687435		3542
586		5821		2692026		3522
587		5821		2696606		3568
588		5831		2701198		3541
589		5892		2705810		3545
590		5815		2710401		3537
591		5808		2715000		3542
592		5817		2719583		3536
593		5754		2724166		3529
594		5817		2728765		3519
595		5832		2733335		3539
596		5847		2737912		3551
597		5815		2742504		3562
598		5831		2747097		3580
599		5808		2751690		3544
600		5770		2756295		3538
601		5869		2760916		3542
602		5672		2765526		3544
603		5720		2770124		3532
604		5781		2774711		3574
605		5695		2779312		3569
606		5600		2783891		3573
607		5704		2788499		3526
608		5714		2793074		3535
609		5715		2797657		3596
610		5736		2802244		3566
611		5869		2806825		3527
612		5849		2811429		3515
613		5848		2816013		3550
614		5794		2820617		3559
615		5825		2825204		3536
616		5762		2829786		3528
617		5795		2834379		3529
618		5764		2838968		3529
619		5894		2843567		3536
620		5750		2848155		3502
621		5725		2852739		3548
622		5797		2857314		3519
623		5769		2861907		3530
624		5614		2866503		3517
625		5567		2871069		3535
626		5624		2875653		3526
627		5638		2880217		3544
628		5560		2884813		3487
629		5691		2889389		3486
630		5675		2893975		3513
631		5604		2898564		3523
632		5741		2903150		3518
633		5746		2907744		3530
634		5737		2912346		3523
635		5752		2916939		3551
636		5744		2921523		3555
637		5615		2926115		3528
638		5730		2930694		3555
639		5686		2935280		3520
640		5702		2939875		3521
641		5653		2944461		3525
642		5607		2949049		3533
643		5548		2953656		3512
644		5558		2958213		3534
645		5565		2962789		3530
646		5616		2967370		3540
647		5765		2971930		3567
648		5743		2976519		3497
649		5709		2981090		3492
650		5698		2985674		3545
651		5637		2990273		3522
652		5682		2994842		3497
653		5609		2999428		3498
654		5582		3004006		3515
655		5633		3008596		3476
656		5685		3013164		3535
657		5597		3017743		3544
658		5625		3022318		3489
659		5642		3026887		3498
660		5726		3031485		3515
661		5698		3036088		3525
662		5760		3040683		3541
663		5734		3045275		3544
664		5733		3049845		3553
665		5762		3054410		3560
666		5729		3058970		3516
667		5722		3063555		3512
668		5828		3068151		3544
669		5830		3072747		3586
670		5821		3077321		3534
671		5782		3081913		3549
672		5780		3086500		3545
673		5789		3091073		3548
674		5688		3095651		3520
675		5695		3100218		3505
676		5714		3104811		3517
677		5731		3109412		3495
678		5689		3114000		3497
679		5680		3118588		3539
680		5674		3123185		3500
681		5731		3127780		3531
682		5771		3132361		3533
683		5735		3136940		3484
684		5762		3141518		3531
685		5723		3146090		3544
686		5723		3150687		3538
687		5777		3155250		3557
688		5786		3159850		3524
689		5720		3164456		3486
690		5731		3169051		3506
691		5738		3173637		3518
692		5758		3178218		3504
693		5729		3182810		3517
694		5682		3187375		3562
695		5764		3191960		3527
696		5820		3196543		3547
697		5762		3201132		3541
698		5900		3205716		3593
699		5879		3210330		3547
700		5915		3214921		3558
701		5891		3219509		3569
702		5806		3224113		3534
703		5852		3228704		3545
704		5788		3233281		3551
705		5747		3237869		3540
706		5779		3242434		3557
707		5729		3247018		3514
708		5646		3251603		3584
709		5498		3256189		3565
710		5529		3260760		3528
711		5461		3265324		3524
712		5471		3269913		3598
713		5430		3274465		3538
714		5492		3279030		3566
715		5500		3283576		3574
716		5623		3288160		3567
717		5507		3292749		3583
718		5592		3297323		3599
719		5583		3301911		3536
720		5604		3306503		3580
721		5611		3311077		3530
722		5619		3315662		3583
723		5476		3320249		3599
724		5563		3324840		3609
725		5535		3329407		3564
726		5533		3333982		3578
727		5645		3338554		3558
728		5545		3343130		3591
729		5424		3347721		3583
730		5423		3352301		3574
731		5459		3356871		3571
732		5486		3361449		3585
733		5485		3366038		3572
734		5517		3370633		3601
735		5541		3375222		3543
736		5525		3379794		3542
737		5647		3384368		3589
738		5684		3388942		3548
739		5582		3393539		3548
740		5514		3398129		3587
741		5545		3402704		3574
742		5481		3407284		3546
743		5383		3411847		3550
744		5383		3416417		3559
745		5417		3421011		3568
746		5408		3425598		3558
747		5404		3430178		3543
748		5403		3434743		3560
749		5379		3439319		3544
750		5448		3443909		3544
751		5449		3448468		3537
752		5543		3453042		3531
753		5487		3457620		3556
754		5455		3462198		3547
755		5502		3466785		3565
756		5507		3471347		3524
757		5513		3475938		3569
758		5457		3480519		3561
759		5451		3485090		3592
760		5599		3489674		3559
761		5550		3494248		3560
762		5503		3498826		3544
763		5480		3503408		3543
764		5472		3507998		3542
765		5438		3512574		3508
766		5521		3517136		3546
767		5502		3521705		3556
768		5475		3526276		3526
769		5590		3530844		3560
770		5545		3535411		3579
771		5541		3539989		3600
772		5579		3544556		3555
773		5638		3549138		3606
774		5553		3553720		3560
775		5600		3558300		3577
776		5648		3562868		3612
777		5434		3567452		3619
778		5481		3572040		3606
779		5621		3576625		3551
780		5555		3581221		3524
781		5507		3585797		3519
782		5457		3590378		3587
783		5449		3594961		3547
784		5537		3599556		3572
785		5493		3604156		3566
786		5525		3608737		3569
787		5577		3613321		3573
788		5682		3617894		3567
789		5602		3622479		3522
790		5599		3627059		3558
791		5551		3631650		3547
792		5520		3636249		3509
793		5530		3640840		3553
794		5489		3645388		3557
795		5437		3649950		3558
796		5492		3654520		3577
797		5514		3659105		3538
798		5593		3663679		3520
799		5584		3668271		3521
800		5590		3672863		3551
801		5603		3677451		3537
802		5535		3682015		3553
803		5609		3686617		3567
804		5530		3691215		3531
805		5597		3695787		3574
806		5443		3700354		3592
807		5390		3704911		3564
808		5448		3709483		3569
809		5502		3714058		3548
810		5483		3718646		3535
811		5530		3723232		3567
812		5520		3727820		3541
813		5526		3732383		3565
814		5461		3736972		3551
815		5510		3741567		3549
816		5598		3746139		3556
817		5562		3750740		3560
818		5490		3755320		3610
819		5544		3759898		3575
820		5607		3764476		3557
821		5424		3769057		3531
822		5511		3773611		3569
823		5505		3778182		3557
824		5516		3782759		3538
825		5572		3787343		3568
826		5666		3791910		3528
827		5578		3796479		3513
828		5540		3801049		3565
829		5545		3805613		3548
830		5490		3810192		3569
831		5667		3814770		3598
832		5563		3819337		3590
833		5584		3823916		3593
834		5529		3828489		3595
835		5526		3833046		3585
836		5582		3837636		3604
837		5563		3842224		3594
838		5452		3846802		3622
839		5511		3851383		3558
840		5607		3855963		3553
841		5554		3860548		3521
842		5560		3865141		3558
843		5664		3869743		3572
844		5599		3874318		3599
845		5608		3878889		3614
846		5555		3883469		3533
847		5646		3888020		3567
848		5555		3892599		3557
849		5655		3897152		3587
850		5690		3901733		3553
851		5762		3906324		3588
852		5714		3910924		3575
853		5628		3915503		3575
854		5604		3920097		3609
855		5646		3924655		3591
856		5599		3929245		3556
857		5553		3933808		3605
858		5544		3938402		3592
859		5534		3942984		3599
860		5551		3947592		3577
861		5575		3952176		3565
862		5572		3956744		3567
863		5522		3961310		3511
864		5489		3965874		3577
865		5485		3970469		3525
866		5400		3975053		3578
867		5365		3979632		3557
868		5325		3984203		3568
869		5390		3988781		3549
870		5402		3993370		3558
871		5431		3997929		3551
872		5458		4002521		3542
873		5451		4007090		3538
874		5449		4011662		3526
875		5499		4016224		3553
876		5531		4020798		3554
877		5491		4025359		3559
878		5495		4029910		3552
879		5543		4034475		3570
880		5540		4039076		3494
881		5550		4043669		3575
882		5540		4048246		3516
883		5475		4052854		3524
884		5532		4057440		3566
885		5420		4062029		3539
886		5534		4066628		3569
887		5436		4071214		3553
888		5517		4075781		3540
889		5533		4080351		3567
890		5543		4084928		3552
891		5584		4089491		3543
892		5554		4094063		3531
893		5577		4098642		3571
894		5538		4103222		3557
895		5515		4107808		3530
896		5500		4112380		3555
897		5526		4116945		3557
898		5458		4121509		3502
899		5527		4126077		3541
900		5564		4130654		3548
901		5560		4135249		3560
902		5560		4139826		3590
903		5501		4144412		3571
904		5525		4148984		3573
905		5470		4153584		3600
906		5514		4158155		3559
907		5465		4162729		3555
908		5527		4167312		3558
909		5530		4171887		3564
910		5557		4176496		3565
911		5525		4181063		3539
912		5590		4185642		3528
913		5563		4190219		3543
914		5509		4194795		3533
915		5523		4199360		3577
916		5401		4203944		3542
917		5450		4208520		3511
918		5443		4213116		3528
919		5485		4217706		3576
920		5231		4222298		3541
921		5224		4226871		3551
922		5334		4231455		3543
923		5369		4236014		3515
924		5370		4240605		3533
925		5391		4245182		3490
926		5424		4249761		3541
927		5395		4254345		3553
928		5351		4258911		3507
929		5440		4263487		3517
930		5447		4268053		3533
931		5411		4272632		3545
932		5420		4277191		3525
933		5428		4281780		3523
934		5356		4286358		3533
935		5298		4290929		3542
936		5332		4295501		3538
937		5332		4300088		3543
938		5353		4304674		3563
939		5395		4309238		3513
940		5391		4313819		3523
941		5457		4318388		3530
942		5530		4322956		3593
943		5607		4327536		3567
944		5580		4332105		3553
945		5596		4336696		3561
946		5645		4341266		3561
947		5629		4345843		3566
948		5575		4350433		3558
949		5469		4355020		3512
950		5500		4359599		3503
951		5576		4364170		3555
952		5575		4368747		3541
953		5553		4373327		3546
954		5524		4377904		3548
955		5465		4382481		3489
956		5448		4387051		3520
957		5422		4391631		3518
958		5480		4396230		3515
959		5453		4400798		3562
960		5441		4405374		3518
961		5542		4409963		3560
962		5481		4414561		3562
963		5409		4419156		3575
964		5439		4423731		3541
965		5449		4428297		3499
966		5352		4432873		3535
967		5367		4437449		3532
968		5279		4442019		3481
969		5466		4446587		3555
970		5367		4451170		3541
971		5388		4455737		3538
972		5481		4460298		3516
973		5513		4464869		3534
974		5506		4469454		3562
975		5457		4474042		3524
976		5513		4478613		3515
977		5558		4483175		3540
978		5597		4487772		3558
979		5504		4492366		3490
980		5470		4496952		3524
981		5466		4501516		3531
982		5512		4506101		3549
983		5449		4510692		3530
984		5470		4515268		3532
985		5448		4519846		3544
986		5465		4524417		3563
987		5468		4529000		3563
988		5455		4533567		3593
989		5424		4538171		3512
990		5457		4542760		3525
991		5443		4547354		3550
992		5431		4551945		3574
993		5390		4556515		3525
994		5428		4561084		3594
995		5342		4565654		3568
996		5494		4570216		3552
997		5545		4574788		3574
998		5626		4579371		3559
999		5621		4583979		3569
