# Migration is number of nodes that have changed color.

Round		Edge-Cut		Swaps		Migrations		Skipped
0		8769		4670		3041
1		8055		9265		3117
2		7447		13834		3181
3		7110		18375		3124
4		6846		22879		3209
5		6572		27400		3213
6		6413		31916		3197
7		6211		36414		3246
8		6108		40893		3265
9		5969		45368		3233
10		5760		49840		3266
11		5639		54324		3288
12		5546		58790		3320
13		5435		63243		3270
14		5363		67699		3308
15		5231		72141		3297
16		5245		76601		3290
17		5140		81073		3319
18		5050		85512		3320
19		4973		89961		3360
20		4927		94405		3320
21		4807		98864		3321
22		4712		103307		3323
23		4771		107775		3299
24		4661		112227		3308
25		4629		116627		3316
26		4529		121070		3323
27		4489		125497		3364
28		4499		129943		3306
29		4388		134366		3336
30		4350		138801		3331
31		4342		143237		3327
32		4384		147699		3343
33		4368		152100		3331
34		4321		156537		3365
35		4295		160985		3313
36		4282		165417		3326
37		4249		169888		3310
38		4191		174305		3356
39		4144		178760		3328
40		4059		183178		3326
41		4068		187591		3340
42		4032		191995		3364
43		3919		196459		3367
44		3899		200889		3362
45		3930		205317		3374
46		3920		209779		3356
47		3902		214235		3356
48		3895		218657		3381
49		3831		223106		3376
50		3853		227569		3365
51		3774		231996		3378
52		3805		236400		3364
53		3843		240801		3361
54		3741		245243		3396
55		3769		249678		3414
56		3755		254124		3392
57		3698		258565		3387
58		3651		262990		3377
59		3523		267416		3368
60		3526		271850		3378
61		3534		276296		3373
62		3578		280718		3399
63		3502		285144		3408
64		3445		289565		3350
65		3415		294018		3387
66		3341		298455		3344
67		3424		302865		3343
68		3351		307297		3400
69		3313		311718		3376
70		3293		316139		3376
71		3273		320534		3403
72		3246		324979		3372
73		3197		329407		3388
74		3127		333819		3399
75		3142		338260		3405
76		3112		342680		3397
77		3175		347106		3367
78		3167		351581		3396
79		3064		355975		3379
80		3007		360398		3398
81		3086		364814		3409
82		3105		369222		3393
83		3045		373670		3417
84		3051		378088		3397
85		3050		382515		3395
86		3029		386942		3382
87		3041		391351		3398
88		3048		395789		3416
89		3002		400208		3411
90		2983		404636		3387
91		2910		409047		3403
92		2884		413482		3390
93		2852		417889		3382
94		2887		422318		3399
95		2907		426716		3398
96		2846		431144		3389
97		2891		435567		3418
98		2906		440012		3412
99		2911		444439		3410
100		2914		448872		3409
101		2864		453303		3399
102		2813		457736		3420
103		2805		462168		3409
104		2783		466597		3408
105		2791		470996		3418
106		2823		475409		3410
107		2780		479855		3410
108		2762		484308		3409
109		2703		488711		3404
110		2705		493140		3418
111		2716		497558		3417
112		2711		501971		3429
113		2690		506368		3407
114		2775		510779		3411
115		2736		515217		3386
116		2676		519642		3419
117		2645		524075		3420
118		2703		528483		3420
119		2705		532903		3396
120		2701		537348		3400
121		2680		541761		3421
122		2662		546183		3414
123		2654		550619		3428
124		2583		555061		3387
125		2592		559500		3414
126		2592		563881		3413
127		2651		568292		3418
128		2665		572707		3423
129		2653		577093		3420
130		2657		581532		3407
131		2616		585941		3419
132		2628		590372		3405
133		2642		594760		3416
134		2622		599180		3426
135		2583		603603		3426
136		2642		608028		3428
137		2628		612470		3415
138		2540		616899		3419
139		2570		621331		3409
140		2583		625756		3425
141		2508		630164		3423
142		2462		634574		3415
143		2489		639012		3425
144		2492		643439		3421
145		2510		647855		3419
146		2497		652253		3428
147		2401		656649		3424
148		2391		661057		3416
149		2383		665465		3417
150		2401		669868		3417
151		2429		674270		3413
152		2377		678669		3443
153		2352		683068		3405
154		2336		687503		3406
155		2347		691933		3399
156		2338		696325		3403
157		2332		700771		3418
158		2342		705215		3420
159		2354		709638		3406
160		2422		714065		3412
161		2421		718494		3424
162		2369		722892		3426
163		2331		727323		3410
164		2292		731750		3411
165		2295		736163		3431
166		2330		740582		3418
167		2296		745001		3418
168		2313		749409		3421
169		2305		753827		3385
170		2304		758237		3421
171		2348		762626		3409
172		2364		767060		3407
173		2361		771456		3427
174		2302		775879		3420
175		2277		780287		3418
176		2332		784722		3401
177		2302		789145		3419
178		2289		793551		3421
179		2341		797963		3423
180		2311		802340		3409
181		2265		806800		3416
182		2267		811226		3432
183		2274		815643		3426
184		2293		820022		3420
185		2346		824427		3426
186		2306		828878		3417
187		2375		833315		3415
188		2358		837716		3421
189		2325		842151		3432
190		2362		846563		3425
191		2375		850970		3395
192		2335		855426		3432
193		2363		859842		3425
194		2348		864245		3417
195		2309		868660		3432
196		2327		873107		3390
197		2312		877497		3403
198		2269		881901		3425
199		2257		886329		3423
200		2294		890764		3393
201		2273		895192		3403
202		2222		899617		3425
203		2235		904055		3416
204		2245		908482		3420
205		2238		912890		3420
206		2249		917298		3422
207		2194		921742		3419
208		2221		926187		3411
209		2197		930631		3405
210		2239		935063		3420
211		2245		939467		3427
212		2233		943867		3411
213		2149		948277		3409
214		2230		952707		3419
215		2228		957092		3429
216		2223		961525		3439
217		2199		965941		3428
218		2161		970359		3429
219		2190		974797		3400
220		2191		979259		3420
221		2217		983684		3400
222		2184		988129		3399
223		2145		992562		3411
224		2167		997008		3410
225		2212		1001435		3434
226		2170		1005831		3429
227		2190		1010239		3427
228		2163		1014676		3408
229		2199		1019103		3421
230		2201		1023538		3439
231		2161		1027988		3422
232		2101		1032406		3434
233		2122		1036829		3426
234		2156		1041238		3415
235		2207		1045650		3429
236		2180		1050105		3430
237		2199		1054522		3422
238		2133		1058941		3423
239		2137		1063379		3413
240		2115		1067801		3420
241		2102		1072250		3434
242		2113		1076667		3432
243		2123		1081086		3427
244		2116		1085501		3420
245		2121		1089958		3431
246		2122		1094383		3414
247		2118		1098786		3409
248		2094		1103210		3413
249		2070		1107655		3416
250		2032		1112093		3433
251		2047		1116487		3415
252		2036		1120882		3425
253		2043		1125334		3443
254		2049		1129747		3427
255		2023		1134150		3418
256		1976		1138568		3425
257		1996		1142978		3410
258		2001		1147403		3438
259		1984		1151808		3430
260		2005		1156220		3427
261		1986		1160654		3423
262		1997		1165060		3443
263		1998		1169458		3434
264		1960		1173897		3427
265		1982		1178329		3415
266		1929		1182712		3432
267		1905		1187114		3421
268		1908		1191513		3433
269		1924		1195905		3418
270		1940		1200330		3423
271		1941		1204739		3425
272		1997		1209177		3420
273		1963		1213601		3419
274		1994		1218011		3433
275		1974		1222402		3413
276		1993		1226817		3431
277		1984		1231249		3420
278		2006		1235680		3399
279		1994		1240112		3422
280		1997		1244517		3428
281		2021		1248936		3417
282		1978		1253366		3413
283		1958		1257768		3421
284		1955		1262215		3439
285		1965		1266654		3442
286		2006		1271066		3435
287		2013		1275469		3425
288		1994		1279904		3419
289		2029		1284341		3420
290		2023		1288761		3410
291		2012		1293183		3443
292		2024		1297602		3427
293		2005		1302043		3415
294		1984		1306477		3418
295		2002		1310901		3443
296		2002		1315330		3416
297		2005		1319757		3415
298		2028		1324176		3422
299		2041		1328606		3419
300		2025		1333000		3427
301		2001		1337416		3430
302		2011		1341863		3435
303		2031		1346287		3444
304		1998		1350701		3453
305		2009		1355106		3430
306		1990		1359492		3416
307		2011		1363946		3425
308		2005		1368352		3448
309		2027		1372755		3449
310		2014		1377194		3473
311		2017		1381614		3430
312		2013		1386031		3431
313		2051		1390447		3428
314		1985		1394876		3426
315		2016		1399334		3408
316		1974		1403765		3430
317		1984		1408204		3416
318		1962		1412670		3425
319		1953		1417109		3432
320		1950		1421527		3431
321		1927		1425973		3400
322		1956		1430381		3410
323		1958		1434805		3420
324		1954		1439232		3432
325		1975		1443645		3442
326		1973		1448057		3437
327		1950		1452483		3437
328		1953		1456913		3422
329		1927		1461328		3430
330		1982		1465751		3435
331		1956		1470163		3437
332		1948		1474545		3430
333		1958		1478945		3425
334		1977		1483356		3418
335		2007		1487778		3430
336		2034		1492182		3430
337		1993		1496623		3425
338		1987		1501061		3441
339		1954		1505483		3417
340		1958		1509905		3438
341		1957		1514315		3439
342		1956		1518718		3447
343		1956		1523141		3436
344		1996		1527570		3452
345		2014		1532004		3424
346		2017		1536448		3428
347		1981		1540887		3458
348		1971		1545291		3444
349		2026		1549724		3443
350		2025		1554135		3439
351		2030		1558549		3422
352		2011		1562992		3444
353		1985		1567431		3432
354		1985		1571876		3441
355		1937		1576295		3439
356		1943		1580695		3433
357		1904		1585096		3435
358		1907		1589523		3438
359		1940		1593931		3457
360		1922		1598351		3433
361		1920		1602767		3431
362		1943		1607199		3439
363		1920		1611608		3433
364		1928		1616031		3453
365		1976		1620453		3444
366		1939		1624850		3450
367		1946		1629268		3470
368		1970		1633697		3461
369		1956		1638124		3463
370		1909		1642515		3460
371		1937		1646939		3472
372		1917		1651352		3452
373		1916		1655768		3452
374		1935		1660189		3455
375		1910		1664626		3447
376		1906		1669048		3455
377		1964		1673449		3448
378		2005		1677817		3456
379		1969		1682237		3442
380		1987		1686664		3440
381		1975		1691058		3454
382		1981		1695486		3454
383		1963		1699901		3440
384		2016		1704311		3464
385		2047		1708750		3451
386		2013		1713167		3455
387		2006		1717601		3465
388		1977		1722016		3462
389		1981		1726460		3452
390		1982		1730913		3448
391		1962		1735340		3465
392		1973		1739787		3453
393		1978		1744205		3447
394		1996		1748618		3445
395		2016		1753040		3447
396		2022		1757471		3457
397		1991		1761902		3460
398		2008		1766333		3442
399		1977		1770766		3443
400		1992		1775149		3459
401		1978		1779562		3422
402		2023		1784000		3452
403		2021		1788461		3450
404		2012		1792916		3434
405		2023		1797344		3443
406		1981		1801783		3446
407		1981		1806201		3454
408		1972		1810645		3432
409		1970		1815081		3437
410		2038		1819500		3429
411		2033		1823933		3435
412		2028		1828349		3437
413		2046		1832742		3440
414		2045		1837179		3433
415		2013		1841613		3409
416		2000		1846040		3430
417		2005		1850461		3443
418		2032		1854859		3444
419		1991		1859287		3441
420		1950		1863714		3431
421		1941		1868139		3451
422		1898		1872555		3463
423		1885		1876961		3445
424		1893		1881371		3452
425		1877		1885794		3440
426		1893		1890215		3445
427		1915		1894615		3432
428		1938		1899042		3427
429		1947		1903455		3440
430		1954		1907895		3438
431		1918		1912327		3440
432		1928		1916764		3450
433		1966		1921160		3445
434		1914		1925590		3446
435		1856		1930011		3437
436		1855		1934462		3442
437		1862		1938879		3446
438		1885		1943299		3429
439		1900		1947741		3429
440		1879		1952200		3464
441		1905		1956646		3453
442		1859		1961071		3458
443		1824		1965502		3441
444		1852		1969908		3438
445		1859		1974319		3453
446		1862		1978731		3476
447		1888		1983146		3465
448		1855		1987570		3459
449		1903		1992019		3461
450		1877		1996458		3447
451		1911		2000894		3453
452		1909		2005330		3459
453		1901		2009762		3460
454		1877		2014171		3453
455		1875		2018610		3451
456		1859		2023030		3460
457		1839		2027453		3458
458		1833		2031887		3451
459		1819		2036319		3434
460		1837		2040738		3446
461		1826		2045132		3446
462		1845		2049540		3466
463		1872		2053939		3454
464		1877		2058376		3468
465		1853		2062775		3449
466		1853		2067204		3465
467		1840		2071584		3456
468		1848		2076023		3453
469		1825		2080445		3462
470		1865		2084875		3471
471		1838		2089314		3465
472		1841		2093741		3473
473		1802		2098184		3451
474		1827		2102599		3446
475		1803		2106998		3446
476		1792		2111392		3442
477		1855		2115825		3470
478		1853		2120255		3457
479		1833		2124697		3455
480		1852		2129129		3453
481		1884		2133547		3471
482		1887		2137954		3472
483		1886		2142380		3446
484		1875		2146811		3461
485		1901		2151257		3468
486		1895		2155699		3482
487		1874		2160155		3446
488		1850		2164584		3456
489		1830		2169014		3455
490		1843		2173444		3447
491		1831		2177886		3459
492		1838		2182313		3463
493		1836		2186740		3460
494		1878		2191184		3441
495		1875		2195625		3442
496		1923		2200061		3451
497		1948		2204507		3443
498		1919		2208942		3455
499		1892		2213342		3438
500		1862		2217757		3445
501		1856		2222167		3438
502		1839		2226610		3435
503		1842		2231033		3435
504		1873		2235475		3446
505		1849		2239884		3458
506		1861		2244300		3459
507		1857		2248702		3464
508		1891		2253130		3444
509		1909		2257558		3461
510		1841		2262001		3443
511		1836		2266442		3456
512		1819		2270864		3457
513		1826		2275280		3459
514		1849		2279705		3462
515		1832		2284124		3443
516		1851		2288545		3458
517		1844		2292973		3460
518		1801		2297433		3441
519		1808		2301872		3447
520		1788		2306282		3439
521		1799		2310700		3458
522		1838		2315126		3462
523		1834		2319533		3459
524		1853		2323949		3461
525		1839		2328390		3447
526		1844		2332819		3471
527		1804		2337247		3450
528		1816		2341676		3449
529		1827		2346073		3447
530		1843		2350518		3446
531		1856		2354957		3453
532		1876		2359374		3447
533		1849		2363783		3464
534		1802		2368219		3433
535		1805		2372644		3459
536		1738		2377059		3461
537		1748		2381490		3453
538		1789		2385933		3457
539		1796		2390322		3445
540		1794		2394699		3453
541		1790		2399110		3456
542		1845		2403543		3469
543		1798		2407939		3439
544		1770		2412367		3459
545		1773		2416793		3441
546		1788		2421218		3481
547		1764		2425645		3466
548		1845		2430067		3456
549		1868		2434529		3462
550		1844		2438983		3462
551		1845		2443420		3442
552		1821		2447834		3458
553		1804		2452264		3448
554		1790		2456709		3436
555		1824		2461147		3463
556		1789		2465590		3451
557		1804		2470018		3459
558		1804		2474458		3451
559		1830		2478879		3443
560		1794		2483307		3451
561		1772		2487735		3446
562		1765		2492161		3424
563		1775		2496572		3440
564		1775		2500995		3452
565		1764		2505431		3456
566		1813		2509863		3466
567		1807		2514291		3460
568		1763		2518715		3459
569		1778		2523135		3470
570		1791		2527551		3476
571		1810		2531997		3468
572		1765		2536410		3464
573		1770		2540817		3457
574		1840		2545245		3454
575		1852		2549619		3462
576		1808		2554048		3481
577		1836		2558489		3450
578		1832		2562951		3463
579		1822		2567391		3469
580		1790		2571804		3475
581		1763		2576245		3451
582		1780		2580680		3447
583		1738		2585065		3445
584		1733		2589472		3458
585		1725		2593898		3461
586		1711		2598326		3454
587		1680		2602742		3454
588		1706		2607123		3463
589		1719		2611530		3459
590		1706		2615978		3454
591		1735		2620410		3460
592		1739		2624853		3466
593		1739		2629238		3444
594		1726		2633655		3449
595		1774		2638092		3452
596		1712		2642545		3487
597		1698		2646984		3449
598		1663		2651410		3440
599		1689		2655833		3441
600		1657		2660253		3439
601		1701		2664662		3443
602		1677		2669097		3448
603		1661		2673533		3439
604		1730		2677931		3435
605		1717		2682357		3438
606		1746		2686794		3437
607		1743		2691221		3449
608		1742		2695657		3454
609		1786		2700107		3454
610		1767		2704550		3467
611		1728		2708988		3441
612		1718		2713463		3422
613		1740		2717917		3422
614		1769		2722346		3432
615		1787		2726759		3446
616		1795		2731163		3439
617		1801		2735569		3443
618		1823		2740021		3453
619		1791		2744478		3460
620		1796		2748884		3446
621		1819		2753306		3431
622		1775		2757751		3437
623		1772		2762166		3447
624		1765		2766576		3434
625		1804		2771000		3423
626		1787		2775426		3422
627		1747		2779864		3435
628		1755		2784300		3447
629		1775		2788710		3441
630		1803		2793136		3456
631		1780		2797574		3424
632		1739		2801991		3440
633		1759		2806423		3418
634		1791		2810840		3421
635		1763		2815260		3426
636		1773		2819696		3438
637		1810		2824127		3424
638		1787		2828548		3442
639		1777		2832964		3436
640		1746		2837408		3440
641		1714		2841841		3441
642		1747		2846271		3459
643		1774		2850698		3430
644		1785		2855117		3446
645		1790		2859550		3461
646		1808		2864013		3447
647		1810		2868450		3452
648		1786		2872898		3453
649		1783		2877343		3450
650		1737		2881778		3450
651		1740		2886191		3467
652		1702		2890599		3459
653		1695		2895026		3451
654		1702		2899459		3457
655		1716		2903889		3458
656		1720		2908337		3459
657		1738		2912753		3463
658		1745		2917188		3438
659		1778		2921599		3455
660		1737		2925999		3470
661		1728		2930414		3472
662		1699		2934821		3482
663		1727		2939244		3471
664		1748		2943666		3449
665		1752		2948066		3428
666		1692		2952507		3446
667		1703		2956943		3441
668		1705		2961387		3449
669		1718		2965805		3464
670		1716		2970239		3453
671		1742		2974688		3447
672		1726		2979089		3451
673		1733		2983539		3442
674		1759		2987952		3454
675		1727		2992396		3448
676		1749		2996790		3433
677		1744		3001211		3460
678		1669		3005644		3470
679		1698		3010046		3457
680		1691		3014441		3454
681		1644		3018860		3434
682		1650		3023285		3476
683		1636		3027716		3448
684		1622		3032110		3431
685		1632		3036522		3445
686		1670		3040967		3427
687		1676		3045387		3444
688		1678		3049821		3455
689		1697		3054240		3444
690		1744		3058662		3442
691		1746		3063077		3449
692		1699		3067501		3457
693		1661		3071934		3437
694		1717		3076398		3451
695		1691		3080854		3456
696		1714		3085290		3462
697		1699		3089722		3463
698		1710		3094163		3456
699		1719		3098593		3460
700		1703		3103025		3442
701		1716		3107461		3438
702		1677		3111891		3450
703		1689		3116303		3449
704		1680		3120725		3443
705		1657		3125155		3454
706		1671		3129585		3463
707		1651		3134012		3467
708		1661		3138456		3451
709		1725		3142891		3443
710		1715		3147306		3453
711		1688		3151735		3472
712		1674		3156165		3459
713		1715		3160601		3469
714		1727		3165034		3454
715		1709		3169439		3453
716		1680		3173864		3477
717		1690		3178271		3487
718		1726		3182673		3478
719		1720		3187091		3480
720		1713		3191558		3460
721		1709		3195985		3467
722		1722		3200388		3456
723		1748		3204790		3459
724		1685		3209215		3458
725		1697		3213662		3473
726		1707		3218093		3481
727		1704		3222505		3462
728		1682		3226922		3468
729		1715		3231356		3464
730		1748		3235803		3455
731		1701		3240207		3460
732		1643		3244644		3474
733		1643		3249087		3464
734		1640		3253529		3456
735		1639		3257931		3463
736		1654		3262346		3467
737		1667		3266762		3472
738		1660		3271206		3473
739		1619		3275624		3476
740		1578		3280075		3485
741		1647		3284507		3475
742		1662		3288913		3473
743		1653		3293350		3473
744		1630		3297783		3484
745		1598		3302204		3477
746		1617		3306622		3468
747		1596		3311059		3459
748		1586		3315482		3470
749		1578		3319891		3478
750		1618		3324306		3469
751		1620		3328725		3479
752		1628		3333151		3464
753		1619		3337588		3465
754		1633		3342020		3463
755		1623		3346451		3460
756		1621		3350907		3443
757		1634		3355323		3469
758		1628		3359744		3465
759		1647		3364176		3481
760		1625		3368578		3466
761		1627		3372999		3475
762		1655		3377424		3478
763		1637		3381851		3458
764		1623		3386260		3458
765		1555		3390683		3442
766		1602		3395094		3457
767		1607		3399504		3477
768		1584		3403947		3474
769		1578		3408383		3467
770		1563		3412801		3451
771		1601		3417221		3482
772		1603		3421688		3465
773		1569		3426116		3474
774		1561		3430542		3481
775		1541		3434965		3472
776		1537		3439391		3461
777		1553		3443807		3461
778		1539		3448220		3458
779		1576		3452667		3444
780		1594		3457097		3450
781		1572		3461546		3457
782		1551		3465985		3430
783		1594		3470423		3459
784		1577		3474873		3471
785		1554		3479290		3459
786		1567		3483738		3465
787		1617		3488152		3468
788		1636		3492587		3450
789		1618		3497024		3461
790		1632		3501465		3457
791		1606		3505881		3466
792		1591		3510317		3469
793		1583		3514742		3473
794		1572		3519179		3462
795		1559		3523625		3440
796		1602		3528080		3464
797		1606		3532527		3455
798		1603		3536981		3458
799		1569		3541403		3437
800		1585		3545842		3449
801		1561		3550268		3451
802		1563		3554693		3455
803		1563		3559123		3460
804		1564		3563554		3455
805		1574		3567972		3447
806		1608		3572415		3469
807		1587		3576855		3457
808		1584		3581275		3447
809		1539		3585721		3450
810		1551		3590147		3459
811		1587		3594567		3457
812		1543		3599013		3475
813		1501		3603459		3453
814		1532		3607873		3466
815		1509		3612311		3457
816		1527		3616710		3467
817		1523		3621146		3454
818		1554		3625616		3456
819		1563		3630043		3462
820		1536		3634489		3456
821		1521		3638914		3457
822		1519		3643364		3452
823		1520		3647793		3451
824		1539		3652233		3458
825		1525		3656670		3446
826		1507		3661074		3475
827		1482		3665484		3453
828		1515		3669927		3454
829		1510		3674348		3456
830		1498		3678786		3430
831		1502		3683248		3446
832		1481		3687682		3460
833		1504		3692128		3443
834		1489		3696580		3445
835		1456		3700991		3456
836		1434		3705404		3452
837		1431		3709820		3456
838		1471		3714258		3457
839		1451		3718668		3463
840		1431		3723097		3457
841		1483		3727543		3474
842		1469		3731976		3465
843		1441		3736424		3470
844		1473		3740829		3475
845		1466		3745253		3450
846		1432		3749683		3459
847		1486		3754107		3455
848		1470		3758532		3461
849		1452		3762983		3458
850		1491		3767428		3452
851		1477		3771839		3465
852		1470		3776286		3466
853		1451		3780718		3455
854		1454		3785143		3461
855		1469		3789577		3459
856		1444		3794036		3458
857		1439		3798446		3460
858		1437		3802853		3444
859		1469		3807277		3454
860		1453		3811705		3463
861		1478		3816113		3458
862		1462		3820536		3453
863		1494		3824993		3464
864		1490		3829442		3463
865		1486		3833850		3447
866		1491		3838304		3458
867		1459		3842735		3478
868		1529		3847179		3460
869		1499		3851565		3453
870		1503		3856010		3448
871		1489		3860447		3439
872		1472		3864885		3463
873		1463		3869294		3447
874		1453		3873746		3450
875		1451		3878165		3451
876		1446		3882590		3449
877		1433		3887013		3471
878		1433		3891440		3452
879		1406		3895863		3465
880		1447		3900285		3451
881		1407		3904707		3461
882		1459		3909135		3455
883		1408		3913562		3455
884		1414		3917959		3439
885		1443		3922356		3438
886		1469		3926795		3450
887		1438		3931230		3453
888		1402		3935650		3461
889		1427		3940086		3463
890		1409		3944544		3443
891		1398		3948984		3451
892		1399		3953424		3453
893		1414		3957858		3448
894		1396		3962303		3453
895		1409		3966728		3451
896		1426		3971139		3445
897		1460		3975579		3442
898		1448		3980036		3452
899		1435		3984475		3441
900		1470		3988910		3467
901		1458		3993340		3469
902		1504		3997755		3456
903		1503		4002204		3457
904		1467		4006649		3455
905		1477		4011065		3454
906		1488		4015490		3452
907		1453		4019926		3441
908		1435		4024354		3455
909		1411		4028764		3449
910		1421		4033184		3454
911		1389		4037612		3458
912		1406		4042021		3467
913		1420		4046445		3470
914		1401		4050832		3464
915		1421		4055231		3468
916		1431		4059653		3472
917		1445		4064110		3466
918		1439		4068540		3466
919		1406		4072980		3465
920		1394		4077416		3456
921		1399		4081839		3462
922		1449		4086269		3464
923		1427		4090671		3472
924		1377		4095070		3459
925		1372		4099506		3473
926		1363		4103960		3467
927		1382		4108421		3470
928		1374		4112814		3470
929		1367		4117219		3477
930		1402		4121652		3455
931		1376		4126074		3466
932		1412		4130486		3459
933		1413		4134900		3454
934		1400		4139325		3463
935		1422		4143749		3460
936		1396		4148144		3461
937		1408		4152564		3434
938		1399		4157008		3446
939		1427		4161425		3436
940		1407		4165874		3454
941		1405		4170278		3457
942		1411		4174708		3438
943		1414		4179116		3467
944		1461		4183554		3475
945		1447		4187980		3457
946		1440		4192404		3477
947		1459		4196863		3464
948		1496		4201323		3453
949		1464		4205794		3453
950		1481		4210230		3463
951		1485		4214678		3456
952		1498		4219095		3459
953		1469		4223527		3457
954		1501		4227973		3470
955		1476		4232407		3463
956		1494		4236854		3446
957		1485		4241287		3459
958		1470		4245707		3456
959		1493		4250124		3463
960		1484		4254516		3464
961		1468		4258964		3472
962		1467		4263385		3450
963		1445		4267832		3471
964		1438		4272270		3455
965		1460		4276675		3462
966		1496		4281101		3455
967		1487		4285540		3453
968		1457		4289958		3473
969		1443		4294387		3458
970		1427		4298817		3468
971		1430		4303248		3462
972		1401		4307677		3457
973		1500		4312117		3456
974		1468		4316565		3454
975		1448		4320985		3452
976		1436		4325396		3434
977		1452		4329822		3447
978		1408		4334279		3450
979		1438		4338740		3453
980		1429		4343189		3451
981		1416		4347618		3455
982		1390		4352062		3435
983		1400		4356453		3449
984		1428		4360899		3444
985		1409		4365322		3438
986		1434		4369741		3455
987		1434		4374189		3439
988		1426		4378627		3449
989		1428		4383075		3441
990		1426		4387510		3437
991		1443		4391911		3440
992		1453		4396328		3449
993		1413		4400742		3441
994		1415		4405178		3450
995		1402		4409602		3445
996		1426		4414030		3439
997		1428		4418446		3456
998		1446		4422878		3442
999		1413		4427312		3453
