# Migration is number of nodes that have changed color.

Round		Edge-Cut		Swaps		Migrations		Skipped
0		9011		4700		3100
1		8551		9378		3155
2		8162		14038		3225
3		7935		18694		3310
4		7805		23363		3282
5		7648		28006		3337
6		7523		32650		3353
7		7404		37281		3377
8		7271		41919		3375
9		7173		46541		3380
10		7184		51177		3359
11		7183		55791		3349
12		7000		60420		3351
13		7014		65027		3407
14		6918		69634		3383
15		6925		74273		3349
16		6796		78879		3421
17		6838		83486		3458
18		6825		88102		3472
19		6768		92715		3420
20		6710		97317		3425
21		6704		101936		3480
22		6686		106541		3475
23		6626		111136		3428
24		6561		115761		3488
25		6660		120369		3481
26		6681		124968		3482
27		6543		129578		3448
28		6517		134193		3417
29		6443		138781		3506
30		6365		143358		3510
31		6331		147967		3483
32		6459		152561		3527
33		6528		157168		3497
34		6489		161773		3529
35		6436		166392		3484
36		6421		170984		3496
37		6334		175586		3498
38		6390		180177		3531
39		6379		184777		3510
40		6230		189391		3493
41		6401		193998		3462
42		6430		198590		3457
43		6375		203200		3501
44		6295		207783		3463
45		6290		212389		3497
46		6229		216972		3512
47		6217		221567		3467
48		6139		226168		3497
49		6184		230770		3506
50		6115		235341		3523
51		6135		239926		3490
52		6093		244523		3488
53		6242		249106		3507
54		6125		253689		3514
55		6180		258278		3517
56		6123		262889		3520
57		6136		267482		3534
58		6134		272079		3515
59		6144		276655		3464
60		6233		281246		3469
61		6152		285840		3505
62		6114		290452		3505
63		6202		295056		3479
64		6078		299663		3522
65		6125		304242		3557
66		6116		308845		3465
67		6093		313446		3522
68		6136		318042		3501
69		6128		322649		3501
70		6118		327240		3500
71		6126		331838		3527
72		6170		336450		3489
73		6012		341037		3486
74		5990		345626		3462
75		6047		350221		3506
76		6079		354821		3505
77		6123		359419		3491
78		5922		364014		3473
79		5877		368603		3489
80		5856		373195		3502
81		5865		377772		3431
82		5842		382343		3470
83		5924		386940		3492
84		5888		391534		3499
85		5947		396101		3555
86		5924		400687		3524
87		5903		405292		3497
88		5835		409870		3519
89		5862		414466		3535
90		5882		419079		3506
91		5852		423668		3489
92		5709		428255		3499
93		5678		432846		3513
94		5712		437415		3484
95		5754		441996		3479
96		5776		446552		3481
97		5635		451142		3484
98		5697		455705		3464
99		5715		460292		3500
100		5669		464881		3479
101		5551		469455		3471
102		5804		474052		3493
103		5673		478629		3505
104		5588		483209		3495
105		5524		487790		3486
106		5498		492358		3457
107		5595		496931		3518
108		5596		501500		3491
109		5610		506080		3520
110		5700		510661		3505
111		5611		515247		3527
112		5547		519831		3473
113		5512		524387		3480
114		5599		528992		3498
115		5592		533574		3508
116		5648		538156		3501
117		5700		542740		3502
118		5702		547328		3507
119		5692		551910		3496
120		5812		556485		3497
121		5711		561089		3542
122		5612		565651		3529
123		5583		570238		3484
124		5578		574810		3492
125		5629		579380		3565
126		5654		583963		3540
127		5655		588545		3512
128		5694		593121		3502
129		5704		597696		3546
130		5703		602282		3528
131		5785		606862		3530
132		5860		611439		3494
133		5890		616011		3499
134		5874		620583		3523
135		5864		625177		3515
136		5820		629769		3554
137		5935		634354		3518
138		5892		638967		3456
139		5876		643544		3479
140		5934		648129		3515
141		5848		652719		3522
142		5833		657313		3504
143		5779		661873		3554
144		5754		666442		3556
145		5918		671024		3509
146		5840		675626		3497
147		5873		680215		3511
148		5804		684805		3550
149		5837		689402		3504
150		5857		693972		3516
151		5904		698571		3475
152		5877		703161		3500
153		5865		707749		3557
154		5910		712326		3500
155		5820		716915		3524
156		5863		721497		3502
157		5962		726078		3490
158		5941		730668		3512
159		5863		735239		3505
160		5891		739827		3506
161		5837		744401		3574
162		5856		748992		3517
163		5917		753586		3495
164		5804		758172		3504
165		5907		762758		3456
166		5847		767359		3513
167		5829		771933		3515
168		5800		776496		3539
169		5770		781088		3529
170		5744		785655		3525
171		5792		790238		3522
172		5823		794813		3550
173		5795		799400		3453
174		5673		803972		3520
175		5822		808570		3525
176		5869		813162		3541
177		5814		817742		3545
178		5810		822323		3528
179		5783		826922		3527
180		5901		831518		3571
181		5802		836100		3521
182		5837		840679		3562
183		5925		845272		3557
184		5841		849865		3592
185		5872		854434		3539
186		5922		859032		3534
187		5851		863614		3514
188		5887		868200		3525
189		5697		872784		3526
190		5733		877358		3534
191		5775		881949		3555
192		5770		886540		3566
193		5739		891143		3545
194		5801		895731		3515
195		5735		900290		3524
196		5768		904880		3537
197		5653		909474		3539
198		5633		914084		3515
199		5647		918667		3513
200		5569		923222		3549
201		5616		927807		3555
202		5635		932396		3560
203		5618		936985		3558
204		5603		941563		3523
205		5746		946148		3572
206		5625		950729		3562
207		5598		955319		3509
208		5647		959914		3511
209		5657		964499		3533
210		5684		969103		3547
211		5731		973675		3558
212		5634		978252		3535
213		5622		982818		3559
214		5661		987411		3530
215		5661		991994		3586
216		5776		996586		3554
217		5820		1001192		3580
218		5823		1005795		3535
219		5789		1010385		3539
220		5808		1014978		3504
221		5716		1019574		3502
222		5741		1024165		3559
223		5713		1028732		3518
224		5754		1033323		3543
225		5671		1037914		3532
226		5817		1042488		3514
227		5774		1047065		3523
228		5779		1051633		3500
229		5756		1056228		3510
230		5726		1060828		3487
231		5593		1065418		3537
232		5650		1069986		3554
233		5655		1074548		3509
234		5598		1079123		3503
235		5602		1083709		3523
236		5573		1088290		3555
237		5684		1092866		3477
238		5658		1097460		3546
239		5636		1102044		3524
240		5628		1106622		3498
241		5601		1111193		3530
242		5548		1115763		3540
243		5690		1120348		3525
244		5692		1124933		3513
245		5678		1129521		3519
246		5717		1134117		3504
247		5738		1138706		3517
248		5726		1143302		3518
249		5688		1147891		3487
250		5695		1152478		3502
251		5791		1157062		3510
252		5792		1161672		3519
253		5655		1166262		3516
254		5692		1170850		3538
255		5693		1175435		3539
256		5643		1180008		3521
257		5664		1184590		3529
258		5641		1189147		3548
259		5663		1193729		3539
260		5669		1198311		3520
261		5723		1202924		3478
262		5707		1207503		3465
263		5711		1212075		3527
264		5668		1216656		3457
265		5676		1221228		3491
266		5626		1225802		3516
267		5691		1230368		3507
268		5495		1234943		3474
269		5605		1239505		3523
270		5679		1244105		3479
271		5716		1248695		3539
272		5676		1253283		3511
273		5727		1257873		3490
274		5722		1262445		3521
275		5683		1267019		3519
276		5713		1271586		3537
277		5678		1276162		3519
278		5740		1280744		3557
279		5759		1285331		3534
280		5684		1289926		3531
281		5638		1294509		3509
282		5641		1299083		3521
283		5582		1303666		3508
284		5648		1308250		3533
285		5675		1312827		3561
286		5707		1317413		3558
287		5630		1321991		3570
288		5685		1326560		3533
289		5679		1331159		3505
290		5685		1335718		3504
291		5701		1340314		3543
292		5645		1344901		3506
293		5729		1349502		3551
294		5756		1354082		3553
295		5683		1358663		3540
296		5758		1363249		3539
297		5752		1367846		3548
298		5735		1372429		3542
299		5792		1377001		3493
300		5819		1381591		3545
301		5744		1386174		3573
302		5827		1390775		3572
303		5821		1395380		3518
304		5726		1399966		3493
305		5701		1404548		3546
306		5674		1409131		3530
307		5609		1413705		3532
308		5526		1418297		3498
309		5576		1422865		3517
310		5547		1427446		3524
311		5638		1432026		3514
312		5597		1436594		3563
313		5634		1441173		3565
314		5606		1445764		3541
315		5471		1450337		3526
316		5505		1454926		3526
317		5645		1459510		3523
318		5510		1464065		3541
319		5451		1468635		3509
320		5447		1473221		3521
321		5421		1477812		3540
322		5503		1482376		3483
323		5614		1486945		3527
324		5622		1491526		3548
325		5619		1496093		3495
326		5590		1500674		3550
327		5571		1505259		3521
328		5651		1509851		3512
329		5560		1514427		3519
330		5481		1519025		3523
331		5557		1523606		3517
332		5477		1528179		3565
333		5513		1532754		3537
334		5676		1537325		3512
335		5585		1541902		3517
336		5503		1546470		3548
337		5562		1551039		3507
338		5556		1555605		3563
339		5418		1560194		3533
340		5518		1564743		3562
341		5527		1569314		3524
342		5563		1573908		3528
343		5527		1578492		3556
344		5498		1583075		3564
345		5530		1587642		3530
346		5614		1592211		3532
347		5653		1596782		3553
348		5641		1601382		3587
349		5656		1605975		3598
350		5675		1610567		3567
351		5628		1615163		3569
352		5618		1619739		3559
353		5605		1624322		3569
354		5571		1628909		3553
355		5557		1633476		3550
356		5536		1638064		3546
357		5607		1642631		3607
358		5716		1647201		3548
359		5698		1651796		3587
360		5809		1656375		3513
361		5760		1660969		3565
362		5752		1665558		3521
363		5755		1670147		3551
364		5594		1674756		3604
365		5659		1679345		3532
366		5634		1683923		3556
367		5579		1688505		3561
368		5606		1693100		3533
369		5661		1697687		3557
370		5608		1702270		3542
371		5615		1706863		3586
372		5642		1711442		3568
373		5564		1716023		3552
374		5596		1720607		3544
375		5569		1725183		3560
376		5648		1729784		3543
377		5550		1734358		3531
378		5506		1738928		3545
379		5597		1743508		3515
380		5604		1748083		3515
381		5614		1752665		3536
382		5643		1757243		3507
383		5631		1761826		3556
384		5677		1766425		3575
385		5698		1771008		3576
386		5559		1775583		3582
387		5546		1780157		3565
388		5603		1784728		3578
389		5729		1789293		3537
390		5666		1793872		3569
391		5710		1798442		3574
392		5687		1803032		3547
393		5698		1807619		3545
394		5722		1812196		3531
395		5583		1816777		3548
396		5644		1821364		3546
397		5753		1825942		3554
398		5706		1830515		3504
399		5819		1835102		3527
400		5769		1839698		3508
401		5698		1844311		3504
402		5752		1848902		3517
403		5726		1853487		3527
404		5744		1858056		3540
405		5735		1862657		3525
406		5724		1867233		3531
407		5627		1871841		3543
408		5806		1876410		3531
409		5759		1881003		3530
410		5683		1885585		3554
411		5627		1890179		3544
412		5740		1894770		3551
413		5745		1899357		3503
414		5783		1903932		3508
415		5603		1908527		3488
416		5625		1913114		3494
417		5720		1917681		3525
418		5563		1922264		3502
419		5735		1926861		3559
420		5746		1931444		3513
421		5731		1936014		3535
422		5648		1940605		3535
423		5684		1945200		3493
424		5642		1949781		3557
425		5743		1954357		3548
426		5784		1958947		3543
427		5640		1963529		3556
428		5627		1968117		3589
429		5753		1972693		3539
430		5672		1977288		3559
431		5728		1981857		3516
432		5664		1986441		3529
433		5573		1991032		3545
434		5590		1995615		3558
435		5715		2000198		3541
436		5662		2004791		3534
437		5729		2009378		3548
438		5755		2013973		3560
439		5831		2018562		3572
440		5703		2023165		3574
441		5645		2027756		3554
442		5672		2032319		3566
443		5689		2036907		3530
444		5670		2041494		3539
445		5619		2046072		3552
446		5592		2050647		3540
447		5669		2055206		3519
448		5728		2059788		3564
449		5796		2064401		3551
450		5769		2069002		3522
451		5732		2073599		3498
452		5640		2078183		3582
453		5633		2082767		3519
454		5592		2087368		3570
455		5666		2091942		3554
456		5690		2096510		3551
457		5649		2101084		3570
458		5733		2105692		3521
459		5627		2110269		3524
460		5626		2114846		3523
461		5674		2119437		3518
462		5665		2124024		3534
463		5749		2128621		3553
464		5757		2133201		3522
465		5785		2137794		3483
466		5738		2142392		3500
467		5829		2146993		3492
468		5869		2151584		3502
469		5799		2156176		3523
470		5848		2160756		3525
471		5801		2165333		3520
472		5695		2169920		3511
473		5687		2174497		3509
474		5717		2179077		3494
475		5607		2183682		3531
476		5653		2188273		3550
477		5702		2192843		3540
478		5637		2197433		3526
479		5714		2202026		3564
480		5794		2206605		3557
481		5717		2211194		3560
482		5704		2215782		3555
483		5687		2220355		3519
484		5721		2224937		3506
485		5706		2229534		3529
486		5648		2234117		3553
487		5660		2238701		3555
488		5634		2243273		3571
489		5741		2247841		3535
490		5704		2252436		3537
491		5734		2257008		3523
492		5754		2261592		3520
493		5733		2266182		3557
494		5772		2270770		3585
495		5720		2275351		3577
496		5684		2279924		3546
497		5707		2284496		3551
498		5747		2289098		3533
499		5732		2293675		3518
500		5711		2298244		3526
501		5682		2302843		3543
502		5748		2307420		3522
503		5623		2312002		3508
504		5711		2316575		3479
505		5680		2321167		3506
506		5603		2325747		3515
507		5692		2330351		3534
508		5662		2334932		3503
509		5635		2339514		3520
510		5618		2344086		3538
511		5650		2348642		3507
512		5686		2353220		3537
513		5718		2357813		3547
514		5729		2362393		3570
515		5779		2366969		3526
516		5787		2371556		3553
517		5721		2376138		3547
518		5736		2380708		3528
519		5746		2385286		3533
520		5756		2389869		3517
521		5809		2394454		3558
522		5783		2399026		3538
523		5736		2403617		3573
524		5776		2408209		3543
525		5722		2412816		3544
526		5674		2417389		3549
527		5618		2421971		3564
528		5723		2426555		3535
529		5834		2431140		3563
530		5751		2435734		3591
531		5741		2440330		3572
532		5744		2444905		3537
533		5728		2449478		3544
534		5745		2454063		3523
535		5749		2458629		3498
536		5748		2463204		3553
537		5712		2467792		3530
538		5714		2472362		3493
539		5697		2476926		3556
540		5687		2481519		3586
541		5602		2486108		3580
542		5666		2490712		3555
543		5676		2495270		3547
544		5758		2499851		3565
545		5751		2504457		3569
546		5801		2509054		3557
547		5666		2513632		3524
548		5708		2518195		3549
549		5712		2522782		3579
550		5668		2527369		3573
551		5645		2531947		3542
552		5685		2536536		3494
553		5653		2541123		3514
554		5717		2545681		3576
555		5711		2550265		3537
556		5697		2554843		3489
557		5783		2559430		3537
558		5785		2564045		3507
559		5676		2568645		3575
560		5718		2573218		3552
561		5631		2577812		3551
562		5581		2582389		3580
563		5700		2586979		3558
564		5693		2591559		3512
565		5771		2596139		3553
566		5656		2600722		3549
567		5750		2605320		3486
568		5650		2609916		3520
569		5727		2614520		3565
570		5684		2619105		3552
571		5651		2623690		3570
572		5539		2628281		3522
573		5562		2632888		3537
574		5494		2637463		3525
575		5544		2642052		3533
576		5635		2646640		3507
577		5693		2651192		3537
578		5647		2655762		3519
579		5686		2660332		3548
580		5709		2664934		3554
581		5749		2669528		3541
582		5686		2674115		3544
583		5737		2678688		3536
584		5739		2683275		3564
585		5713		2687853		3506
586		5818		2692412		3516
587		5871		2697013		3544
588		5808		2701621		3520
589		5732		2706209		3521
590		5696		2710780		3542
591		5769		2715362		3555
592		5705		2719923		3570
593		5742		2724504		3558
594		5706		2729102		3562
595		5781		2733680		3605
596		5741		2738261		3567
597		5736		2742836		3557
598		5630		2747433		3548
599		5600		2752026		3555
600		5722		2756615		3566
601		5631		2761196		3557
602		5631		2765781		3563
603		5783		2770343		3592
604		5778		2774930		3562
605		5838		2779500		3563
606		5804		2784099		3551
607		5777		2788693		3549
608		5768		2793299		3515
609		5683		2797873		3532
610		5684		2802465		3541
611		5759		2807058		3547
612		5706		2811635		3602
613		5800		2816218		3602
614		5770		2820795		3577
615		5851		2825381		3550
616		5858		2829973		3569
617		5900		2834577		3555
618		5883		2839163		3584
619		5891		2843772		3559
620		5818		2848344		3535
621		5863		2852943		3571
622		5840		2857529		3556
623		5850		2862110		3543
624		5782		2866685		3512
625		5725		2871250		3523
626		5664		2875840		3524
627		5599		2880425		3521
628		5751		2885001		3578
629		5738		2889580		3550
630		5755		2894175		3570
631		5694		2898777		3542
632		5651		2903352		3568
633		5644		2907912		3591
634		5615		2912483		3561
635		5649		2917069		3558
636		5631		2921652		3549
637		5644		2926234		3564
638		5669		2930813		3528
639		5758		2935415		3521
640		5763		2939985		3523
641		5832		2944565		3527
642		5759		2949148		3494
643		5714		2953756		3536
644		5606		2958328		3536
645		5627		2962888		3551
646		5586		2967482		3549
647		5643		2972072		3563
648		5607		2976634		3498
649		5670		2981202		3552
650		5604		2985795		3523
651		5619		2990382		3512
652		5536		2994949		3514
653		5554		2999530		3551
654		5640		3004127		3564
655		5635		3008718		3550
656		5771		3013300		3558
657		5693		3017889		3558
658		5765		3022461		3571
659		5823		3027035		3549
660		5806		3031603		3503
661		5697		3036204		3552
662		5729		3040774		3542
663		5567		3045359		3547
664		5649		3049948		3541
665		5619		3054542		3567
666		5692		3059143		3561
667		5717		3063711		3557
668		5787		3068298		3534
669		5720		3072872		3544
670		5752		3077442		3538
671		5804		3082035		3576
672		5769		3086624		3555
673		5786		3091215		3606
674		5785		3095804		3543
675		5675		3100376		3571
676		5682		3104966		3578
677		5619		3109538		3558
678		5647		3114111		3521
679		5769		3118714		3558
680		5741		3123290		3566
681		5748		3127894		3538
682		5734		3132481		3530
683		5804		3137083		3541
684		5830		3141691		3561
685		5874		3146280		3557
686		5861		3150865		3549
687		5808		3155477		3576
688		5845		3160082		3560
689		5810		3164662		3575
690		5755		3169240		3562
691		5884		3173810		3575
692		5873		3178392		3539
693		5827		3182961		3480
694		5778		3187541		3539
695		5739		3192139		3544
696		5807		3196709		3540
697		5852		3201299		3540
698		5742		3205890		3573
699		5612		3210469		3554
700		5655		3215068		3583
701		5562		3219649		3585
702		5585		3224213		3596
703		5607		3228802		3598
704		5761		3233390		3587
705		5683		3237986		3554
706		5762		3242576		3528
707		5618		3247154		3520
708		5666		3251733		3552
709		5820		3256313		3595
710		5739		3260876		3537
711		5719		3265470		3566
712		5653		3270063		3610
713		5735		3274656		3552
714		5708		3279236		3578
715		5727		3283830		3657
716		5642		3288433		3581
717		5687		3293012		3577
718		5633		3297594		3576
719		5706		3302174		3587
720		5655		3306774		3589
721		5760		3311354		3561
722		5735		3315918		3585
723		5809		3320484		3566
724		5528		3325057		3606
725		5544		3329617		3580
726		5640		3334233		3589
727		5647		3338814		3567
728		5540		3343387		3594
729		5510		3347951		3550
730		5549		3352525		3556
731		5526		3357090		3581
732		5560		3361690		3518
733		5654		3366273		3497
734		5671		3370881		3526
735		5658		3375475		3532
736		5674		3380066		3526
737		5690		3384635		3571
738		5703		3389211		3559
739		5726		3393791		3554
740		5731		3398365		3567
741		5728		3402958		3565
742		5808		3407552		3520
743		5827		3412131		3555
744		5799		3416721		3548
745		5773		3421298		3551
746		5755		3425875		3563
747		5730		3430465		3547
748		5644		3435050		3541
749		5672		3439616		3487
750		5623		3444182		3533
751		5641		3448736		3531
752		5643		3453342		3566
753		5721		3457934		3563
754		5687		3462526		3538
755		5668		3467127		3543
756		5605		3471739		3521
757		5606		3476300		3550
758		5607		3480875		3547
759		5615		3485448		3542
760		5638		3490051		3586
761		5712		3494640		3586
762		5706		3499220		3571
763		5637		3503785		3557
764		5551		3508350		3482
765		5558		3512929		3547
766		5489		3517519		3548
767		5585		3522081		3543
768		5551		3526676		3566
769		5587		3531241		3571
770		5599		3535799		3511
771		5729		3540389		3559
772		5682		3544964		3542
773		5675		3549551		3542
774		5743		3554149		3523
775		5560		3558735		3516
776		5658		3563317		3507
777		5729		3567918		3589
778		5806		3572521		3540
779		5703		3577113		3527
780		5690		3581713		3512
781		5681		3586296		3525
782		5717		3590880		3521
783		5671		3595450		3526
784		5682		3600024		3567
785		5510		3604592		3563
786		5559		3609170		3545
787		5626		3613761		3563
788		5611		3618337		3565
789		5588		3622930		3500
790		5602		3627488		3502
791		5544		3632066		3498
792		5495		3636637		3537
793		5433		3641212		3511
794		5414		3645781		3530
795		5343		3650354		3498
796		5312		3654925		3516
797		5349		3659496		3547
798		5443		3664067		3550
799		5402		3668646		3509
800		5420		3673221		3540
801		5514		3677792		3545
802		5544		3682376		3539
803		5490		3686937		3550
804		5480		3691510		3548
805		5473		3696082		3556
806		5496		3700653		3536
807		5510		3705245		3551
808		5457		3709812		3545
809		5476		3714381		3564
810		5527		3718958		3532
811		5661		3723539		3565
812		5588		3728140		3556
813		5498		3732727		3543
814		5494		3737300		3532
815		5386		3741880		3579
816		5539		3746472		3578
817		5544		3751034		3533
818		5507		3755622		3547
819		5652		3760202		3542
820		5550		3764785		3523
821		5552		3769385		3575
822		5563		3773967		3532
823		5609		3778529		3534
824		5585		3783095		3577
825		5627		3787656		3556
826		5530		3792233		3574
827		5607		3796805		3596
828		5638		3801386		3573
829		5627		3805973		3571
830		5587		3810566		3573
831		5567		3815159		3538
832		5403		3819722		3576
833		5563		3824308		3576
834		5495		3828872		3532
835		5435		3833450		3565
836		5516		3838020		3542
837		5535		3842600		3542
838		5610		3847183		3566
839		5688		3851779		3548
840		5624		3856365		3561
841		5608		3860939		3509
842		5516		3865524		3546
843		5608		3870108		3508
844		5658		3874685		3557
845		5645		3879265		3563
846		5568		3883861		3561
847		5549		3888456		3545
848		5585		3893042		3530
849		5582		3897634		3529
850		5639		3902202		3544
851		5543		3906786		3526
852		5478		3911362		3537
853		5618		3915947		3569
854		5592		3920521		3590
855		5684		3925121		3560
856		5651		3929715		3558
857		5632		3934307		3583
858		5642		3938891		3577
859		5621		3943472		3561
860		5584		3948069		3548
861		5614		3952647		3542
862		5576		3957233		3565
863		5582		3961812		3577
864		5530		3966398		3594
865		5589		3970968		3579
866		5557		3975532		3568
867		5572		3980123		3554
868		5591		3984702		3549
869		5601		3989277		3520
870		5668		3993853		3559
871		5592		3998447		3530
872		5461		4003016		3560
873		5492		4007599		3549
874		5579		4012183		3548
875		5632		4016753		3592
876		5691		4021339		3569
877		5661		4025942		3537
878		5617		4030518		3588
879		5613		4035113		3585
880		5588		4039690		3572
881		5653		4044271		3545
882		5619		4048865		3556
883		5548		4053449		3549
884		5628		4058043		3566
885		5587		4062636		3558
886		5528		4067206		3560
887		5530		4071814		3593
888		5530		4076387		3562
889		5523		4080959		3585
890		5541		4085528		3561
891		5479		4090110		3553
892		5547		4094700		3542
893		5682		4099278		3560
894		5597		4103871		3580
895		5698		4108461		3553
896		5619		4113045		3578
897		5531		4117630		3555
898		5586		4122203		3529
899		5548		4126792		3565
900		5598		4131374		3561
901		5599		4135953		3548
902		5596		4140528		3529
903		5613		4145106		3555
904		5662		4149693		3556
905		5602		4154269		3585
906		5559		4158841		3553
907		5577		4163423		3558
908		5585		4167982		3575
909		5528		4172550		3583
910		5618		4177106		3594
911		5568		4181686		3528
912		5657		4186267		3541
913		5633		4190849		3557
914		5667		4195438		3511
915		5663		4200024		3493
916		5664		4204603		3542
917		5688		4209191		3517
918		5668		4213784		3509
919		5607		4218360		3494
920		5591		4222936		3548
921		5546		4227514		3565
922		5679		4232108		3563
923		5586		4236689		3560
924		5544		4241274		3556
925		5552		4245864		3576
926		5608		4250455		3550
927		5572		4255035		3552
928		5498		4259630		3565
929		5494		4264194		3579
930		5491		4268779		3540
931		5558		4273350		3535
932		5556		4277943		3573
933		5615		4282502		3553
934		5701		4287074		3589
935		5839		4291654		3563
936		5776		4296242		3546
937		5699		4300835		3550
938		5768		4305422		3557
939		5716		4310006		3559
940		5729		4314589		3560
941		5581		4319185		3586
942		5558		4323756		3554
943		5468		4328345		3608
944		5500		4332922		3602
945		5697		4337512		3534
946		5554		4342076		3556
947		5582		4346661		3581
948		5614		4351240		3575
949		5625		4355822		3549
950		5629		4360392		3551
951		5602		4364970		3575
952		5579		4369549		3571
953		5567		4374139		3552
954		5586		4378733		3574
955		5531		4383295		3578
956		5527		4387867		3559
957		5430		4392465		3537
958		5457		4397048		3546
959		5537		4401617		3534
960		5477		4406191		3539
961		5418		4410773		3554
962		5416		4415361		3547
963		5375		4419939		3538
964		5507		4424509		3544
965		5431		4429106		3560
966		5486		4433687		3543
967		5490		4438270		3526
968		5385		4442864		3556
969		5497		4447423		3542
970		5542		4451994		3491
971		5507		4456577		3521
972		5446		4461140		3512
973		5346		4465708		3563
974		5284		4470282		3570
975		5354		4474868		3548
976		5348		4479418		3547
977		5359		4483990		3540
978		5392		4488563		3539
979		5406		4493128		3517
980		5422		4497706		3550
981		5437		4502295		3527
982		5500		4506857		3550
983		5483		4511424		3531
984		5441		4515964		3550
985		5474		4520548		3582
986		5476		4525123		3580
987		5533		4529697		3523
988		5548		4534268		3571
989		5617		4538867		3518
990		5616		4543458		3541
991		5632		4548038		3567
992		5647		4552616		3581
993		5593		4557208		3557
994		5611		4561779		3564
995		5584		4566375		3593
996		5593		4570953		3549
997		5668		4575519		3557
998		5618		4580099		3542
999		5667		4584662		3534
