# Migration is number of nodes that have changed color.

Round		Edge-Cut		Swaps		Migrations		Skipped
0		8724		4654		3008
1		7913		9213		3031
2		7349		13725		3093
3		6918		18243		3111
4		6499		22739		3142
5		6104		27147		3146
6		5926		31595		3170
7		5764		35999		3186
8		5593		40397		3178
9		5377		44810		3215
10		5267		49210		3209
11		5171		53616		3219
12		5086		57985		3239
13		4937		62397		3241
14		4874		66770		3244
15		4786		71137		3239
16		4688		75514		3212
17		4580		79893		3231
18		4495		84268		3242
19		4409		88663		3220
20		4370		93060		3226
21		4274		97426		3225
22		4225		101803		3201
23		4159		106173		3210
24		4117		110498		3244
25		4096		114890		3231
26		4057		119215		3258
27		4044		123580		3277
28		3980		127945		3275
29		3930		132291		3297
30		3899		136655		3279
31		3850		141012		3267
32		3771		145388		3259
33		3749		149796		3284
34		3716		154135		3300
35		3707		158505		3257
36		3641		162873		3288
37		3606		167226		3295
38		3543		171588		3309
39		3552		175974		3282
40		3571		180324		3283
41		3536		184693		3293
42		3545		189107		3309
43		3475		193474		3279
44		3436		197830		3294
45		3424		202157		3284
46		3401		206547		3297
47		3383		210914		3274
48		3384		215289		3283
49		3340		219640		3290
50		3289		224009		3277
51		3256		228354		3286
52		3247		232705		3274
53		3231		237075		3281
54		3195		241442		3295
55		3133		245791		3286
56		3095		250147		3293
57		3084		254529		3302
58		3112		258897		3302
59		3084		263226		3285
60		3103		267611		3309
61		3017		271979		3307
62		3042		276330		3295
63		3049		280701		3297
64		3027		285080		3324
65		3021		289419		3327
66		3005		293781		3315
67		3003		298116		3296
68		2936		302461		3295
69		2889		306796		3309
70		2854		311140		3287
71		2856		315503		3281
72		2821		319850		3305
73		2820		324181		3305
74		2811		328548		3294
75		2778		332901		3296
76		2755		337285		3301
77		2788		341624		3290
78		2785		346006		3287
79		2775		350353		3287
80		2777		354737		3288
81		2765		359083		3278
82		2732		363445		3281
83		2724		367808		3293
84		2743		372163		3296
85		2740		376514		3293
86		2731		380889		3281
87		2729		385273		3286
88		2738		389658		3312
89		2711		393994		3297
90		2703		398348		3294
91		2727		402713		3282
92		2733		407066		3273
93		2716		411421		3289
94		2701		415801		3281
95		2670		420189		3273
96		2630		424556		3283
97		2637		428915		3285
98		2603		433316		3259
99		2597		437688		3279
100		2578		442046		3279
101		2580		446418		3291
102		2581		450793		3277
103		2562		455151		3284
104		2593		459513		3300
105		2565		463898		3308
106		2591		468300		3315
107		2580		472707		3309
108		2555		477077		3320
109		2523		481433		3317
110		2550		485803		3326
111		2519		490172		3329
112		2518		494549		3315
113		2486		498908		3303
114		2481		503291		3304
115		2440		507638		3290
116		2421		511992		3321
117		2452		516351		3305
118		2485		520757		3324
119		2507		525129		3325
120		2438		529496		3315
121		2460		533847		3326
122		2448		538217		3309
123		2450		542573		3310
124		2411		546923		3324
125		2423		551292		3318
126		2428		555605		3314
127		2418		560011		3331
128		2408		564374		3331
129		2415		568735		3326
130		2385		573125		3335
131		2395		577487		3328
132		2375		581880		3344
133		2378		586259		3319
134		2349		590617		3326
135		2340		595001		3343
136		2347		599376		3311
137		2353		603766		3313
138		2373		608146		3332
139		2343		612505		3318
140		2340		616827		3317
141		2349		621194		3319
142		2361		625554		3334
143		2332		629935		3339
144		2305		634301		3333
145		2309		638686		3337
146		2271		643076		3352
147		2265		647422		3341
148		2272		651827		3344
149		2272		656229		3343
150		2306		660579		3339
151		2295		664965		3352
152		2265		669336		3362
153		2264		673722		3341
154		2246		678125		3353
155		2265		682489		3344
156		2247		686856		3336
157		2285		691232		3341
158		2262		695607		3343
159		2273		699977		3338
160		2253		704348		3356
161		2234		708739		3339
162		2214		713134		3336
163		2214		717525		3339
164		2184		721888		3335
165		2138		726278		3342
166		2144		730654		3340
167		2175		735058		3343
168		2150		739433		3344
169		2141		743805		3344
170		2142		748160		3318
171		2128		752563		3334
172		2125		756929		3329
173		2144		761306		3332
174		2163		765702		3327
175		2169		770110		3328
176		2171		774485		3311
177		2175		778863		3310
178		2159		783234		3333
179		2145		787623		3319
180		2151		792019		3302
181		2179		796403		3325
182		2163		800810		3313
183		2143		805214		3317
184		2123		809596		3325
185		2134		813988		3330
186		2149		818366		3332
187		2141		822728		3344
188		2126		827118		3340
189		2130		831493		3322
190		2117		835850		3319
191		2058		840243		3331
192		2079		844622		3322
193		2047		849019		3305
194		2066		853400		3320
195		2056		857786		3319
196		2073		862150		3325
197		2058		866537		3305
198		2041		870933		3313
199		2072		875334		3318
200		2041		879738		3311
201		2037		884105		3318
202		2021		888468		3315
203		2026		892814		3329
204		2032		897223		3307
205		2032		901603		3324
206		2026		905957		3323
207		2032		910346		3320
208		2022		914709		3333
209		2038		919069		3312
210		2033		923456		3315
211		2048		927855		3327
212		2038		932226		3315
213		2057		936628		3310
214		2031		941013		3320
215		2051		945407		3318
216		2021		949788		3298
217		1995		954114		3309
218		1980		958511		3321
219		1970		962896		3333
220		1995		967279		3313
221		1993		971661		3321
222		1995		975997		3313
223		1992		980405		3310
224		2011		984801		3314
225		1998		989164		3329
226		1988		993568		3310
227		2001		997951		3317
228		1978		1002314		3317
229		1997		1006693		3323
230		2016		1011045		3312
231		2027		1015435		3330
232		2005		1019823		3317
233		1968		1024234		3317
234		1955		1028626		3343
235		1954		1033034		3333
236		1930		1037419		3351
237		1944		1041792		3346
238		1938		1046166		3347
239		1933		1050581		3345
240		1925		1054932		3342
241		1927		1059308		3328
242		1948		1063717		3330
243		1922		1068113		3329
244		1909		1072483		3338
245		1920		1076872		3330
246		1903		1081268		3338
247		1908		1085644		3338
248		1937		1090023		3325
249		1950		1094406		3338
250		1933		1098799		3340
251		1911		1103186		3348
252		1895		1107579		3342
253		1927		1111968		3326
254		1942		1116359		3340
255		1912		1120772		3339
256		1928		1125176		3339
257		1901		1129578		3347
258		1876		1133936		3340
259		1882		1138289		3346
260		1862		1142712		3342
261		1879		1147095		3341
262		1882		1151475		3355
263		1872		1155876		3334
264		1899		1160259		3332
265		1876		1164639		3325
266		1892		1169037		3350
267		1867		1173378		3318
268		1868		1177745		3323
269		1867		1182166		3317
270		1849		1186560		3323
271		1861		1190939		3336
272		1862		1195310		3332
273		1848		1199675		3348
274		1851		1204093		3337
275		1816		1208485		3328
276		1796		1212864		3335
277		1787		1217259		3334
278		1817		1221657		3341
279		1823		1226006		3345
280		1818		1230385		3351
281		1808		1234763		3343
282		1774		1239141		3337
283		1774		1243539		3337
284		1763		1247953		3340
285		1743		1252324		3341
286		1766		1256692		3347
287		1781		1261081		3342
288		1767		1265451		3337
289		1787		1269875		3342
290		1767		1274287		3341
291		1769		1278659		3333
292		1768		1283043		3339
293		1760		1287420		3324
294		1767		1291809		3342
295		1761		1296192		3345
296		1764		1300576		3354
297		1759		1304993		3351
298		1750		1309376		3344
299		1740		1313777		3343
300		1739		1318152		3344
301		1745		1322540		3351
302		1727		1326932		3344
303		1717		1331314		3345
304		1715		1335698		3346
305		1726		1340083		3371
306		1724		1344436		3372
307		1731		1348833		3361
308		1751		1353224		3361
309		1733		1357644		3343
310		1755		1362052		3359
311		1741		1366417		3351
312		1760		1370822		3350
313		1773		1375213		3360
314		1769		1379618		3353
315		1778		1384008		3347
316		1754		1388399		3361
317		1764		1392757		3367
318		1772		1397142		3363
319		1779		1401525		3350
320		1761		1405897		3341
321		1784		1410318		3346
322		1776		1414698		3347
323		1783		1419080		3350
324		1766		1423468		3353
325		1769		1427844		3348
326		1716		1432226		3351
327		1729		1436583		3357
328		1734		1440932		3349
329		1727		1445353		3363
330		1706		1449754		3383
331		1710		1454132		3358
332		1721		1458508		3364
333		1744		1462908		3370
334		1706		1467292		3367
335		1728		1471694		3363
336		1733		1476069		3373
337		1722		1480460		3377
338		1713		1484863		3370
339		1690		1489251		3362
340		1717		1493640		3371
341		1712		1498018		3368
342		1663		1502403		3366
343		1673		1506749		3353
344		1658		1511157		3369
345		1699		1515518		3376
346		1677		1519879		3370
347		1661		1524269		3382
348		1666		1528664		3382
349		1662		1533043		3379
350		1671		1537429		3374
351		1672		1541826		3365
352		1681		1546192		3353
353		1653		1550618		3363
354		1657		1555024		3367
355		1653		1559395		3377
356		1647		1563809		3379
357		1665		1568198		3381
358		1688		1572587		3371
359		1684		1577010		3376
360		1682		1581417		3368
361		1662		1585794		3360
362		1656		1590192		3373
363		1637		1594582		3368
364		1614		1598989		3361
365		1615		1603357		3363
366		1625		1607717		3375
367		1638		1612144		3384
368		1631		1616526		3369
369		1630		1620902		3373
370		1648		1625302		3380
371		1672		1629668		3364
372		1659		1634079		3372
373		1646		1638503		3381
374		1628		1642906		3386
375		1626		1647305		3378
376		1615		1651710		3364
377		1633		1656109		3359
378		1615		1660512		3369
379		1644		1664891		3373
380		1613		1669223		3385
381		1626		1673630		3381
382		1613		1678032		3372
383		1615		1682430		3365
384		1608		1686814		3370
385		1603		1691228		3364
386		1583		1695619		3359
387		1616		1700028		3357
388		1611		1704423		3366
389		1586		1708832		3368
390		1599		1713232		3378
391		1589		1717617		3374
392		1597		1722003		3371
393		1592		1726364		3369
394		1576		1730730		3369
395		1550		1735095		3365
396		1572		1739482		3352
397		1563		1743902		3354
398		1573		1748280		3376
399		1581		1752644		3359
400		1601		1757035		3369
401		1609		1761443		3350
402		1582		1765830		3374
403		1591		1770229		3366
404		1598		1774647		3370
405		1589		1779061		3361
406		1583		1783442		3372
407		1603		1787856		3373
408		1578		1792259		3360
409		1569		1796659		3367
410		1570		1801053		3374
411		1579		1805432		3380
412		1573		1809864		3356
413		1569		1814268		3372
414		1574		1818660		3360
415		1577		1823053		3380
416		1580		1827443		3359
417		1544		1831819		3357
418		1555		1836232		3360
419		1562		1840625		3373
420		1545		1845031		3365
421		1570		1849450		3374
422		1548		1853829		3369
423		1546		1858214		3388
424		1547		1862599		3371
425		1552		1867000		3385
426		1547		1871390		3368
427		1553		1875780		3387
428		1556		1880168		3381
429		1520		1884560		3373
430		1527		1888919		3363
431		1536		1893332		3369
432		1517		1897733		3364
433		1518		1902084		3364
434		1523		1906445		3375
435		1529		1910856		3370
436		1528		1915261		3371
437		1528		1919660		3380
438		1534		1924069		3365
439		1552		1928453		3375
440		1533		1932843		3369
441		1531		1937231		3362
442		1548		1941620		3368
443		1541		1945992		3346
444		1554		1950401		3356
445		1550		1954776		3359
446		1573		1959192		3356
447		1553		1963596		3363
448		1523		1967980		3358
449		1545		1972344		3371
450		1547		1976718		3363
451		1551		1981129		3354
452		1545		1985513		3364
453		1560		1989885		3359
454		1563		1994295		3354
455		1550		1998689		3357
456		1566		2003079		3365
457		1584		2007464		3368
458		1545		2011841		3369
459		1540		2016264		3379
460		1522		2020692		3383
461		1513		2025114		3378
462		1531		2029511		3380
463		1561		2033896		3391
464		1530		2038302		3375
465		1518		2042699		3374
466		1508		2047069		3382
467		1527		2051474		3364
468		1515		2055891		3369
469		1480		2060310		3374
470		1495		2064729		3381
471		1465		2069097		3377
472		1480		2073505		3367
473		1464		2077914		3368
474		1489		2082293		3370
475		1491		2086713		3352
476		1480		2091121		3369
477		1465		2095526		3372
478		1483		2099893		3376
479		1480		2104302		3383
480		1459		2108689		3384
481		1469		2113072		3388
482		1484		2117475		3382
483		1471		2121884		3383
484		1435		2126266		3374
485		1424		2130649		3372
486		1448		2135046		3378
487		1431		2139445		3380
488		1435		2143843		3386
489		1445		2148226		3377
490		1475		2152617		3372
491		1479		2156990		3385
492		1476		2161403		3377
493		1484		2165792		3384
494		1490		2170202		3389
495		1483		2174614		3389
496		1465		2179028		3364
497		1437		2183410		3377
498		1440		2187773		3389
499		1458		2192138		3376
500		1451		2196540		3390
501		1440		2200941		3372
502		1444		2205317		3379
503		1456		2209740		3372
504		1460		2214154		3365
505		1443		2218566		3369
506		1428		2222955		3355
507		1430		2227327		3369
508		1424		2231730		3370
509		1424		2236143		3369
510		1434		2240546		3361
511		1448		2244934		3368
512		1437		2249333		3374
513		1442		2253729		3369
514		1434		2258142		3369
515		1442		2262541		3366
516		1428		2266972		3370
517		1443		2271350		3372
518		1434		2275740		3363
519		1407		2280131		3365
520		1425		2284543		3377
521		1418		2288957		3360
522		1410		2293344		3364
523		1408		2297797		3360
524		1442		2302194		3346
525		1429		2306578		3365
526		1432		2311008		3342
527		1442		2315422		3364
528		1431		2319809		3357
529		1429		2324197		3336
530		1418		2328591		3350
531		1415		2332977		3341
532		1424		2337363		3352
533		1433		2341766		3356
534		1424		2346141		3353
535		1421		2350564		3346
536		1428		2354958		3360
537		1423		2359377		3368
538		1424		2363796		3336
539		1433		2368163		3350
540		1431		2372552		3363
541		1416		2376941		3350
542		1426		2381336		3360
543		1444		2385710		3358
544		1443		2390097		3365
545		1448		2394495		3361
546		1447		2398889		3357
547		1448		2403286		3351
548		1438		2407688		3353
549		1456		2412109		3370
550		1443		2416523		3360
551		1450		2420951		3369
552		1456		2425334		3371
553		1460		2429725		3368
554		1458		2434160		3366
555		1471		2438581		3362
556		1467		2442998		3361
557		1451		2447381		3365
558		1452		2451765		3358
559		1427		2456168		3366
560		1405		2460562		3363
561		1432		2464956		3368
562		1453		2469335		3368
563		1457		2473741		3366
564		1468		2478137		3372
565		1458		2482544		3374
566		1448		2486951		3378
567		1446		2491344		3374
568		1469		2495764		3368
569		1466		2500182		3353
570		1471		2504598		3364
571		1459		2509022		3349
572		1440		2513419		3355
573		1427		2517793		3368
574		1418		2522181		3368
575		1407		2526574		3374
576		1405		2530983		3355
577		1422		2535390		3352
578		1383		2539803		3359
579		1429		2544208		3373
580		1415		2548614		3368
581		1417		2552988		3370
582		1440		2557390		3359
583		1408		2561793		3379
584		1422		2566198		3382
585		1398		2570597		3388
586		1380		2575017		3388
587		1401		2579402		3384
588		1392		2583804		3372
589		1387		2588217		3383
590		1402		2592596		3377
591		1397		2596999		3371
592		1389		2601420		3382
593		1372		2605818		3384
594		1365		2610212		3382
595		1380		2614670		3388
596		1373		2619118		3373
597		1384		2623527		3377
598		1409		2627930		3381
599		1401		2632327		3380
600		1368		2636731		3366
601		1378		2641160		3369
602		1359		2645563		3379
603		1338		2649970		3372
604		1352		2654361		3367
605		1368		2658786		3372
606		1378		2663189		3379
607		1377		2667608		3375
608		1361		2671995		3389
609		1355		2676385		3387
610		1347		2680776		3387
611		1331		2685144		3387
612		1361		2689536		3376
613		1371		2693959		3376
614		1351		2698357		3374
615		1353		2702760		3370
616		1309		2707171		3369
617		1327		2711568		3386
618		1303		2715957		3363
619		1298		2720358		3380
620		1319		2724749		3373
621		1336		2729135		3362
622		1350		2733531		3374
623		1318		2737949		3373
624		1320		2742328		3373
625		1311		2746739		3386
626		1301		2751139		3382
627		1322		2755531		3378
628		1299		2759934		3374
629		1296		2764332		3373
630		1298		2768715		3367
631		1308		2773138		3377
632		1307		2777528		3368
633		1319		2781931		3374
634		1293		2786315		3372
635		1295		2790701		3382
636		1291		2795126		3390
637		1321		2799531		3377
638		1322		2803899		3381
639		1331		2808321		3382
640		1303		2812736		3379
641		1301		2817174		3374
642		1304		2821577		3387
643		1275		2825985		3370
644		1302		2830365		3380
645		1331		2834773		3379
646		1311		2839184		3381
647		1318		2843601		3380
648		1320		2847981		3383
649		1308		2852373		3380
650		1323		2856776		3379
651		1341		2861181		3386
652		1339		2865603		3360
653		1338		2870014		3379
654		1332		2874436		3372
655		1323		2878833		3381
656		1306		2883231		3376
657		1298		2887610		3380
658		1301		2892037		3389
659		1309		2896416		3393
660		1313		2900824		3383
661		1332		2905242		3381
662		1317		2909630		3376
663		1313		2914014		3382
664		1311		2918461		3376
665		1315		2922869		3389
666		1325		2927280		3378
667		1337		2931669		3391
668		1325		2936065		3390
669		1305		2940462		3369
670		1310		2944835		3374
671		1303		2949241		3372
672		1320		2953641		3379
673		1311		2958055		3377
674		1340		2962432		3381
675		1334		2966867		3381
676		1314		2971252		3384
677		1297		2975665		3389
678		1308		2980069		3392
679		1292		2984475		3392
680		1292		2988868		3391
681		1300		2993297		3396
682		1288		2997684		3393
683		1320		3002078		3397
684		1320		3006470		3388
685		1315		3010874		3387
686		1318		3015296		3402
687		1334		3019677		3392
688		1325		3024103		3384
689		1332		3028466		3382
690		1338		3032870		3399
691		1320		3037272		3397
692		1330		3041689		3389
693		1322		3046067		3388
694		1340		3050437		3387
695		1332		3054836		3398
696		1329		3059229		3395
697		1318		3063629		3394
698		1312		3068035		3389
699		1306		3072438		3387
700		1310		3076831		3383
701		1317		3081216		3384
702		1302		3085622		3380
703		1311		3090033		3389
704		1327		3094420		3395
705		1320		3098802		3390
706		1317		3103202		3398
707		1311		3107585		3387
708		1308		3111983		3398
709		1306		3116398		3391
710		1312		3120820		3392
711		1301		3125227		3389
712		1320		3129642		3387
713		1297		3134020		3387
714		1303		3138439		3394
715		1283		3142841		3396
716		1275		3147242		3392
717		1288		3151646		3395
718		1309		3156039		3400
719		1303		3160470		3385
720		1291		3164861		3395
721		1311		3169246		3395
722		1303		3173676		3383
723		1315		3178057		3399
724		1315		3182431		3382
725		1316		3186865		3407
726		1320		3191276		3387
727		1332		3195669		3378
728		1339		3200096		3373
729		1314		3204519		3378
730		1317		3208928		3370
731		1328		3213338		3369
732		1339		3217762		3368
733		1328		3222155		3370
734		1306		3226559		3368
735		1309		3230951		3372
736		1328		3235367		3386
737		1307		3239796		3386
738		1296		3244195		3385
739		1293		3248624		3387
740		1282		3253023		3398
741		1288		3257422		3391
742		1274		3261807		3394
743		1289		3266203		3396
744		1303		3270598		3388
745		1298		3274985		3382
746		1323		3279394		3391
747		1301		3283784		3383
748		1329		3288160		3395
749		1336		3292561		3379
750		1330		3296979		3392
751		1311		3301379		3385
752		1272		3305803		3400
753		1287		3310194		3400
754		1293		3314584		3402
755		1279		3318990		3396
756		1286		3323416		3398
757		1264		3327794		3399
758		1250		3332224		3391
759		1258		3336629		3388
760		1275		3341031		3389
761		1263		3345443		3386
762		1258		3349855		3393
763		1257		3354266		3388
764		1286		3358713		3389
765		1267		3363134		3392
766		1266		3367545		3408
767		1271		3371967		3393
768		1292		3376368		3401
769		1284		3380783		3399
770		1269		3385170		3406
771		1279		3389567		3400
772		1293		3393974		3398
773		1299		3398378		3398
774		1312		3402809		3405
775		1305		3407241		3404
776		1325		3411630		3406
777		1324		3416035		3403
778		1318		3420458		3395
779		1306		3424880		3402
780		1286		3429251		3403
781		1298		3433648		3397
782		1295		3438087		3417
783		1285		3442507		3406
784		1299		3446923		3403
785		1289		3451326		3383
786		1279		3455763		3408
787		1314		3460181		3396
788		1309		3464599		3397
789		1319		3468982		3403
790		1307		3473364		3396
791		1294		3477781		3414
792		1294		3482206		3376
793		1278		3486603		3384
794		1281		3490998		3403
795		1285		3495414		3390
796		1278		3499817		3389
797		1291		3504242		3393
798		1286		3508628		3398
799		1262		3513026		3384
800		1259		3517407		3392
801		1249		3521805		3404
802		1262		3526193		3391
803		1276		3530603		3401
804		1289		3534983		3398
805		1277		3539355		3386
806		1273		3543776		3398
807		1266		3548184		3398
808		1256		3552603		3401
809		1281		3557005		3407
810		1266		3561418		3396
811		1259		3565858		3392
812		1258		3570274		3400
813		1286		3574667		3403
814		1276		3579030		3401
815		1280		3583413		3402
816		1272		3587848		3395
817		1273		3592268		3395
818		1276		3596643		3391
819		1267		3601066		3400
820		1258		3605458		3393
821		1268		3609848		3390
822		1267		3614276		3385
823		1288		3618705		3392
824		1273		3623139		3390
825		1296		3627528		3389
826		1285		3631951		3407
827		1258		3636337		3407
828		1257		3640731		3412
829		1290		3645106		3399
830		1282		3649536		3405
831		1284		3653952		3401
832		1285		3658366		3394
833		1257		3662767		3404
834		1237		3667155		3405
835		1252		3671575		3387
836		1257		3675973		3397
837		1246		3680386		3401
838		1248		3684784		3406
839		1242		3689175		3408
840		1264		3693570		3399
841		1246		3697986		3403
842		1259		3702394		3400
843		1278		3706792		3399
844		1289		3711210		3414
845		1280		3715623		3410
846		1282		3720032		3398
847		1267		3724431		3395
848		1286		3728849		3406
849		1294		3733250		3410
850		1260		3737663		3402
851		1275		3742059		3411
852		1259		3746463		3414
853		1269		3750865		3414
854		1260		3755281		3425
855		1260		3759707		3419
856		1259		3764117		3422
857		1260		3768543		3408
858		1255		3772967		3399
859		1254		3777359		3406
860		1257		3781764		3403
861		1246		3786199		3399
862		1246		3790590		3404
863		1263		3794998		3389
864		1265		3799409		3393
865		1245		3803787		3397
866		1265		3808194		3406
867		1266		3812625		3397
868		1272		3817058		3410
869		1275		3821485		3402
870		1266		3825933		3404
871		1270		3830304		3393
872		1270		3834707		3383
873		1261		3839100		3390
874		1281		3843511		3388
875		1271		3847920		3397
876		1298		3852296		3398
877		1271		3856697		3392
878		1244		3861118		3395
879		1254		3865526		3393
880		1247		3869954		3392
881		1244		3874367		3391
882		1232		3878758		3390
883		1261		3883182		3403
884		1247		3887587		3404
885		1262		3891977		3406
886		1279		3896387		3400
887		1273		3900790		3408
888		1271		3905179		3396
889		1266		3909586		3399
890		1266		3913965		3399
891		1279		3918376		3405
892		1261		3922792		3407
893		1261		3927211		3402
894		1246		3931624		3397
895		1257		3936051		3392
896		1264		3940454		3394
897		1271		3944885		3406
898		1251		3949282		3405
899		1263		3953680		3401
900		1267		3958098		3400
901		1259		3962487		3412
902		1267		3966883		3402
903		1264		3971305		3396
904		1274		3975706		3403
905		1272		3980150		3399
906		1274		3984585		3396
907		1268		3988994		3412
908		1274		3993373		3404
909		1265		3997809		3410
910		1254		4002204		3410
911		1268		4006609		3424
912		1261		4011048		3415
913		1240		4015463		3400
914		1256		4019845		3400
915		1250		4024237		3409
916		1238		4028649		3394
917		1243		4033071		3397
918		1242		4037484		3404
919		1239		4041901		3410
920		1242		4046325		3403
921		1242		4050737		3403
922		1248		4055131		3405
923		1257		4059540		3408
924		1248		4063937		3402
925		1261		4068374		3407
926		1274		4072770		3402
927		1261		4077156		3412
928		1259		4081573		3417
929		1243		4085993		3418
930		1250		4090396		3405
931		1242		4094810		3400
932		1272		4099217		3402
933		1261		4103636		3406
934		1260		4108071		3405
935		1255		4112479		3410
936		1235		4116894		3412
937		1238		4121320		3411
938		1221		4125713		3402
939		1224		4130125		3414
940		1211		4134539		3408
941		1219		4138937		3406
942		1207		4143368		3407
943		1229		4147799		3404
944		1223		4152227		3409
945		1218		4156623		3403
946		1236		4161047		3408
947		1254		4165485		3401
948		1229		4169899		3419
949		1238		4174295		3408
950		1229		4178678		3403
951		1241		4183108		3400
952		1246		4187542		3413
953		1218		4191985		3411
954		1225		4196397		3409
955		1219		4200787		3410
956		1221		4205194		3408
957		1204		4209628		3408
958		1199		4214047		3406
959		1200		4218414		3403
960		1185		4222835		3398
961		1182		4227247		3406
962		1183		4231678		3406
963		1183		4236097		3403
964		1196		4240515		3415
965		1209		4244934		3414
966		1199		4249329		3416
967		1201		4253714		3405
968		1205		4258122		3407
969		1178		4262516		3414
970		1205		4266930		3404
971		1200		4271346		3417
972		1218		4275741		3416
973		1220		4280155		3406
974		1227		4284562		3407
975		1211		4288973		3404
976		1200		4293364		3411
977		1212		4297766		3402
978		1222		4302197		3409
979		1212		4306589		3400
980		1213		4311018		3406
981		1214		4315414		3421
982		1223		4319826		3416
983		1219		4324248		3418
984		1208		4328657		3400
985		1235		4333078		3403
986		1224		4337483		3418
987		1208		4341892		3418
988		1203		4346292		3424
989		1184		4350716		3417
990		1178		4355108		3411
991		1177		4359499		3405
992		1199		4363921		3418
993		1193		4368335		3426
994		1175		4372756		3403
995		1170		4377144		3413
996		1159		4381540		3408
997		1151		4385921		3402
998		1145		4390307		3403
999		1153		4394716		3404
