# Migration is number of nodes that have changed color.

Round		Edge-Cut		Swaps		Migrations		Skipped
0		8739		4673		3042
1		8077		9300		3109
2		7597		13876		3172
3		7242		18415		3219
4		6925		22938		3258
5		6685		27482		3234
6		6574		32004		3247
7		6354		36500		3252
8		6108		40991		3266
9		6009		45459		3297
10		5872		49951		3272
11		5676		54402		3299
12		5622		58864		3277
13		5454		63318		3283
14		5409		67800		3310
15		5339		72290		3298
16		5330		76740		3280
17		5224		81205		3311
18		5050		85645		3275
19		4996		90087		3301
20		5002		94546		3329
21		4960		99002		3280
22		4945		103465		3324
23		4885		107919		3336
24		4818		112382		3339
25		4780		116841		3320
26		4701		121279		3342
27		4598		125737		3326
28		4465		130153		3349
29		4413		134624		3313
30		4434		139076		3340
31		4398		143483		3345
32		4378		147925		3355
33		4293		152381		3349
34		4239		156851		3328
35		4136		161293		3325
36		4154		165726		3321
37		4081		170160		3350
38		4050		174602		3328
39		4015		179028		3346
40		3955		183484		3340
41		3942		187920		3337
42		3965		192345		3349
43		3906		196767		3344
44		3882		201173		3357
45		3862		205599		3340
46		3826		210019		3332
47		3727		214425		3317
48		3694		218826		3329
49		3666		223243		3329
50		3648		227658		3354
51		3640		232088		3326
52		3650		236523		3343
53		3624		240963		3350
54		3601		245356		3341
55		3572		249752		3362
56		3512		254188		3373
57		3496		258611		3348
58		3502		263033		3350
59		3474		267462		3346
60		3488		271881		3375
61		3515		276293		3345
62		3435		280717		3356
63		3411		285129		3348
64		3317		289543		3350
65		3383		293939		3356
66		3364		298347		3358
67		3361		302743		3381
68		3363		307143		3373
69		3308		311559		3379
70		3302		315963		3361
71		3291		320396		3346
72		3234		324828		3330
73		3146		329242		3364
74		3140		333651		3358
75		3170		338041		3358
76		3154		342437		3361
77		3186		346851		3388
78		3131		351259		3371
79		3099		355688		3383
80		3061		360096		3378
81		3115		364504		3376
82		3064		368890		3368
83		3104		373323		3377
84		3050		377760		3358
85		3130		382180		3362
86		3157		386634		3360
87		3125		391035		3381
88		3096		395438		3370
89		3131		399831		3371
90		3098		404263		3369
91		3128		408657		3354
92		3111		413069		3373
93		3156		417504		3368
94		3167		421917		3379
95		3154		426318		3359
96		3060		430711		3370
97		3119		435150		3381
98		3146		439555		3395
99		3102		444007		3401
100		3063		448416		3386
101		3082		452860		3406
102		3061		457283		3362
103		3013		461701		3384
104		3048		466103		3361
105		3017		470540		3364
106		3058		474951		3364
107		3060		479378		3369
108		3053		483817		3362
109		3072		488237		3328
110		3050		492645		3356
111		3013		497073		3390
112		3000		501470		3368
113		3025		505872		3368
114		2979		510305		3362
115		2982		514710		3363
116		2942		519128		3373
117		2922		523556		3338
118		2919		527950		3356
119		2874		532380		3341
120		2922		536773		3354
121		2901		541187		3347
122		2886		545639		3341
123		2881		550063		3348
124		2893		554447		3346
125		2898		558883		3359
126		2898		563308		3353
127		2853		567732		3384
128		2823		572153		3344
129		2752		576551		3360
130		2732		580969		3348
131		2733		585397		3350
132		2753		589807		3345
133		2784		594232		3350
134		2784		598657		3356
135		2826		603076		3354
136		2843		607495		3364
137		2822		611906		3339
138		2745		616313		3352
139		2687		620755		3338
140		2718		625176		3354
141		2699		629622		3344
142		2705		634053		3364
143		2670		638489		3377
144		2642		642905		3385
145		2639		647331		3377
146		2651		651761		3382
147		2630		656189		3344
148		2629		660636		3351
149		2647		665079		3356
150		2625		669482		3363
151		2600		673878		3380
152		2621		678297		3342
153		2599		682688		3357
154		2616		687120		3354
155		2638		691562		3356
156		2594		695958		3380
157		2647		700406		3367
158		2614		704841		3350
159		2638		709246		3358
160		2650		713694		3368
161		2633		718108		3380
162		2603		722527		3400
163		2593		726956		3386
164		2614		731390		3400
165		2587		735810		3382
166		2526		740245		3366
167		2525		744662		3375
168		2541		749101		3382
169		2533		753515		3389
170		2501		757910		3374
171		2470		762317		3372
172		2444		766714		3376
173		2461		771117		3367
174		2481		775529		3392
175		2469		779960		3347
176		2489		784369		3369
177		2492		788802		3382
178		2506		793217		3379
179		2435		797645		3376
180		2469		802075		3364
181		2490		806536		3373
182		2468		810968		3386
183		2444		815380		3377
184		2442		819798		3385
185		2446		824208		3379
186		2469		828659		3361
187		2418		833081		3393
188		2439		837509		3394
189		2423		841925		3387
190		2427		846336		3402
191		2410		850762		3373
192		2346		855177		3377
193		2330		859580		3386
194		2342		863969		3377
195		2354		868397		3369
196		2324		872844		3393
197		2276		877260		3364
198		2305		881687		3363
199		2284		886113		3344
200		2360		890545		3355
201		2305		894962		3360
202		2264		899385		3358
203		2252		903797		3374
204		2280		908253		3360
205		2275		912685		3359
206		2242		917105		3362
207		2279		921523		3376
208		2256		925931		3364
209		2283		930343		3372
210		2221		934744		3373
211		2243		939187		3390
212		2277		943594		3386
213		2270		948017		3372
214		2299		952431		3374
215		2259		956859		3362
216		2310		961303		3360
217		2318		965754		3366
218		2329		970176		3375
219		2309		974590		3373
220		2275		979030		3392
221		2303		983456		3398
222		2287		987894		3392
223		2247		992336		3372
224		2227		996752		3398
225		2260		1001161		3375
226		2246		1005583		3383
227		2280		1010025		3368
228		2260		1014427		3376
229		2230		1018840		3380
230		2242		1023263		3375
231		2247		1027678		3391
232		2302		1032109		3365
233		2276		1036531		3374
234		2315		1040966		3398
235		2286		1045372		3372
236		2269		1049786		3389
237		2253		1054232		3388
238		2237		1058658		3372
239		2236		1063062		3379
240		2263		1067507		3369
241		2247		1071932		3406
242		2207		1076325		3371
243		2191		1080748		3390
244		2224		1085144		3379
245		2157		1089556		3387
246		2186		1093981		3384
247		2189		1098433		3371
248		2191		1102820		3377
249		2211		1107229		3369
250		2197		1111635		3400
251		2216		1116035		3381
252		2205		1120448		3402
253		2217		1124858		3390
254		2275		1129275		3377
255		2215		1133695		3404
256		2233		1138113		3375
257		2231		1142538		3396
258		2201		1146980		3378
259		2224		1151406		3394
260		2217		1155825		3402
261		2230		1160219		3398
262		2217		1164643		3388
263		2213		1169062		3405
264		2225		1173482		3390
265		2214		1177905		3398
266		2178		1182340		3376
267		2192		1186776		3375
268		2207		1191175		3363
269		2247		1195610		3375
270		2220		1200017		3372
271		2184		1204419		3370
272		2210		1208814		3380
273		2193		1213232		3384
274		2222		1217650		3379
275		2171		1222063		3363
276		2181		1226498		3393
277		2199		1230934		3362
278		2209		1235362		3367
279		2249		1239786		3383
280		2251		1244197		3394
281		2216		1248621		3398
282		2233		1253019		3398
283		2167		1257455		3393
284		2165		1261884		3370
285		2210		1266278		3342
286		2220		1270726		3399
287		2182		1275151		3394
288		2181		1279576		3394
289		2245		1283990		3383
290		2236		1288422		3376
291		2246		1292829		3385
292		2203		1297265		3368
293		2252		1301691		3378
294		2222		1306103		3361
295		2192		1310539		3380
296		2189		1314960		3382
297		2179		1319368		3373
298		2233		1323798		3377
299		2223		1328227		3372
300		2216		1332651		3404
301		2178		1337100		3403
302		2147		1341533		3389
303		2147		1345897		3402
304		2126		1350308		3397
305		2147		1354709		3386
306		2142		1359117		3392
307		2192		1363591		3374
308		2200		1368018		3395
309		2143		1372409		3384
310		2153		1376846		3383
311		2143		1381244		3392
312		2167		1385662		3401
313		2153		1390084		3387
314		2206		1394500		3392
315		2194		1398939		3387
316		2193		1403364		3392
317		2186		1407793		3390
318		2153		1412199		3395
319		2138		1416602		3401
320		2121		1421005		3397
321		2086		1425444		3401
322		2108		1429879		3391
323		2114		1434326		3387
324		2084		1438733		3406
325		2088		1443153		3388
326		2118		1447574		3390
327		2130		1452025		3412
328		2132		1456453		3383
329		2102		1460863		3397
330		2081		1465273		3393
331		2077		1469680		3403
332		2045		1474105		3394
333		2071		1478541		3374
334		2068		1482973		3378
335		2059		1487380		3387
336		2047		1491761		3386
337		2005		1496167		3383
338		2052		1500608		3378
339		2057		1505025		3376
340		2055		1509444		3363
341		2037		1513874		3390
342		2048		1518296		3378
343		2042		1522719		3399
344		2049		1527151		3389
345		2037		1531610		3398
346		2040		1536025		3384
347		2080		1540454		3372
348		2141		1544858		3391
349		2098		1549295		3373
350		2088		1553713		3404
351		2096		1558123		3402
352		2100		1562557		3387
353		2074		1566958		3392
354		2064		1571388		3386
355		2088		1575794		3409
356		2099		1580231		3406
357		2088		1584678		3419
358		2103		1589107		3396
359		2096		1593546		3417
360		2055		1597959		3405
361		2084		1602389		3411
362		2070		1606821		3420
363		2120		1611230		3409
364		2104		1615633		3411
365		2114		1620044		3407
366		2121		1624482		3420
367		2105		1628909		3403
368		2101		1633314		3420
369		2112		1637715		3420
370		2113		1642131		3409
371		2090		1646526		3417
372		2116		1650947		3417
373		2103		1655378		3419
374		2101		1659787		3400
375		2089		1664198		3402
376		2040		1668610		3388
377		2113		1673038		3407
378		2083		1677443		3395
379		2122		1681879		3393
380		2115		1686283		3386
381		2101		1690715		3393
382		2118		1695134		3407
383		2077		1699556		3393
384		2074		1703992		3382
385		2108		1708426		3395
386		2076		1712843		3398
387		2121		1717293		3418
388		2088		1721703		3425
389		2127		1726139		3401
390		2098		1730585		3425
391		2084		1735015		3423
392		2132		1739450		3404
393		2095		1743856		3388
394		2065		1748285		3397
395		2092		1752710		3406
396		2052		1757112		3402
397		2064		1761534		3419
398		2067		1765928		3402
399		2047		1770389		3412
400		2019		1774785		3405
401		2060		1779227		3398
402		2030		1783653		3402
403		2039		1788099		3422
404		2039		1792530		3408
405		2034		1796971		3408
406		2024		1801411		3414
407		2029		1805835		3415
408		2004		1810244		3410
409		1981		1814674		3421
410		2009		1819073		3386
411		2032		1823473		3389
412		2042		1827902		3396
413		2034		1832330		3401
414		2084		1836764		3396
415		2038		1841200		3399
416		2043		1845597		3405
417		2064		1850032		3390
418		2078		1854437		3411
419		2056		1858856		3408
420		2037		1863291		3388
421		2079		1867708		3398
422		2040		1872151		3397
423		2065		1876555		3404
424		2069		1880985		3385
425		2084		1885402		3400
426		2064		1889831		3413
427		2047		1894240		3406
428		2025		1898664		3387
429		2009		1903051		3389
430		1984		1907472		3400
431		2002		1911923		3391
432		1992		1916339		3378
433		2010		1920748		3396
434		2000		1925166		3401
435		1968		1929564		3379
436		2005		1934006		3379
437		1974		1938429		3397
438		1973		1942827		3385
439		1995		1947260		3417
440		2011		1951678		3387
441		1990		1956096		3399
442		2000		1960514		3397
443		1993		1964957		3400
444		1971		1969389		3406
445		1957		1973836		3395
446		1929		1978260		3391
447		1940		1982681		3395
448		1945		1987117		3385
449		1914		1991521		3395
450		1895		1995899		3386
451		1944		2000304		3383
452		1911		2004708		3379
453		1984		2009137		3365
454		1957		2013555		3389
455		1969		2017972		3397
456		1984		2022443		3376
457		1980		2026875		3405
458		1992		2031285		3411
459		1974		2035693		3405
460		1988		2040114		3391
461		1934		2044546		3402
462		1958		2048962		3402
463		1972		2053398		3389
464		1974		2057835		3386
465		2010		2062283		3383
466		2009		2066730		3384
467		1977		2071134		3381
468		1972		2075551		3399
469		1950		2079978		3380
470		1950		2084401		3399
471		1932		2088819		3382
472		1971		2093260		3380
473		1943		2097702		3404
474		1947		2102128		3393
475		1960		2106552		3388
476		1951		2110967		3388
477		1956		2115392		3418
478		1927		2119840		3396
479		1898		2124268		3391
480		1925		2128687		3396
481		1902		2133101		3393
482		1894		2137520		3397
483		1923		2141919		3391
484		1950		2146340		3403
485		1956		2150780		3403
486		1937		2155210		3394
487		1963		2159622		3378
488		1970		2164037		3384
489		1968		2168477		3408
490		1965		2172884		3410
491		1927		2177319		3397
492		1938		2181732		3412
493		1931		2186178		3404
494		1944		2190612		3396
495		1948		2195036		3389
496		1925		2199450		3373
497		1896		2203866		3388
498		1870		2208294		3402
499		1864		2212717		3386
500		1884		2217147		3392
501		1835		2221590		3402
502		1837		2226003		3389
503		1903		2230440		3388
504		1907		2234879		3390
505		1913		2239312		3400
506		1894		2243717		3389
507		1856		2248145		3401
508		1914		2252556		3397
509		1909		2256989		3395
510		1894		2261415		3393
511		1939		2265819		3403
512		1937		2270261		3395
513		1895		2274689		3405
514		1935		2279108		3408
515		1916		2283541		3412
516		1930		2287978		3403
517		1921		2292419		3397
518		1905		2296852		3396
519		1899		2301269		3407
520		1896		2305674		3409
521		1905		2310097		3416
522		1883		2314502		3398
523		1891		2318933		3408
524		1848		2323366		3412
525		1874		2327766		3421
526		1907		2332178		3409
527		1926		2336592		3392
528		1918		2340996		3411
529		1896		2345437		3404
530		1893		2349856		3409
531		1858		2354269		3426
532		1874		2358703		3419
533		1892		2363130		3427
534		1882		2367539		3415
535		1884		2371976		3413
536		1842		2376405		3408
537		1872		2380862		3420
538		1829		2385287		3427
539		1804		2389698		3413
540		1829		2394148		3418
541		1795		2398601		3419
542		1854		2403032		3431
543		1858		2407454		3426
544		1864		2411863		3427
545		1855		2416310		3405
546		1823		2420748		3423
547		1843		2425201		3416
548		1831		2429613		3422
549		1817		2434031		3437
550		1878		2438455		3433
551		1859		2442879		3434
552		1862		2447287		3417
553		1839		2451694		3428
554		1839		2456095		3442
555		1803		2460532		3443
556		1785		2464954		3444
557		1769		2469373		3431
558		1798		2473807		3437
559		1795		2478229		3415
560		1827		2482655		3416
561		1819		2487091		3409
562		1832		2491517		3412
563		1824		2495941		3433
564		1839		2500380		3415
565		1855		2504802		3418
566		1880		2509229		3421
567		1863		2513666		3417
568		1821		2518076		3422
569		1841		2522479		3413
570		1860		2526897		3434
571		1827		2531330		3443
572		1859		2535756		3447
573		1855		2540184		3449
574		1813		2544616		3435
575		1788		2549057		3430
576		1744		2553486		3437
577		1776		2557910		3441
578		1783		2562340		3435
579		1815		2566735		3417
580		1835		2571175		3412
581		1855		2575617		3429
582		1830		2580018		3423
583		1832		2584436		3427
584		1799		2588848		3420
585		1826		2593264		3419
586		1833		2597715		3423
587		1786		2602120		3421
588		1802		2606566		3433
589		1785		2611016		3431
590		1803		2615443		3415
591		1755		2619888		3433
592		1745		2624298		3432
593		1775		2628696		3435
594		1781		2633102		3419
595		1806		2637537		3423
596		1807		2641954		3446
597		1820		2646400		3436
598		1755		2650837		3442
599		1784		2655280		3430
600		1775		2659730		3450
601		1785		2664136		3431
602		1772		2668596		3442
603		1795		2673048		3429
604		1796		2677482		3430
605		1791		2681899		3431
606		1774		2686303		3409
607		1753		2690728		3423
608		1786		2695148		3433
609		1784		2699557		3433
610		1753		2704003		3414
611		1806		2708439		3412
612		1770		2712871		3411
613		1774		2717268		3418
614		1765		2721680		3417
615		1706		2726105		3437
616		1722		2730533		3394
617		1731		2734956		3417
618		1783		2739389		3429
619		1811		2743823		3422
620		1786		2748256		3420
621		1785		2752665		3414
622		1790		2757119		3432
623		1773		2761553		3430
624		1790		2765981		3417
625		1820		2770399		3417
626		1789		2774827		3425
627		1817		2779237		3418
628		1801		2783676		3421
629		1780		2788107		3428
630		1771		2792560		3429
631		1785		2796969		3431
632		1785		2801402		3429
633		1778		2805839		3437
634		1777		2810255		3413
635		1764		2814697		3407
636		1809		2819125		3399
637		1765		2823593		3406
638		1780		2828001		3416
639		1773		2832437		3413
640		1784		2836886		3412
641		1833		2841335		3410
642		1824		2845762		3412
643		1792		2850167		3412
644		1777		2854607		3402
645		1738		2859017		3424
646		1770		2863444		3426
647		1802		2867906		3414
648		1781		2872336		3420
649		1755		2876763		3433
650		1745		2881201		3439
651		1725		2885613		3434
652		1726		2890063		3430
653		1690		2894510		3432
654		1677		2898939		3439
655		1692		2903344		3436
656		1688		2907748		3446
657		1727		2912168		3428
658		1690		2916576		3426
659		1714		2921024		3402
660		1708		2925445		3407
661		1695		2929891		3429
662		1710		2934329		3411
663		1713		2938754		3431
664		1764		2943195		3428
665		1735		2947613		3445
666		1683		2952044		3439
667		1704		2956461		3429
668		1706		2960918		3419
669		1704		2965335		3421
670		1660		2969759		3422
671		1669		2974187		3410
672		1647		2978601		3419
673		1661		2983007		3417
674		1632		2987436		3414
675		1632		2991878		3418
676		1602		2996296		3410
677		1623		3000688		3422
678		1651		3005110		3411
679		1657		3009517		3425
680		1658		3013943		3417
681		1637		3018371		3401
682		1636		3022792		3414
683		1671		3027234		3422
684		1696		3031654		3411
685		1716		3036094		3424
686		1692		3040538		3411
687		1729		3044981		3414
688		1772		3049412		3422
689		1768		3053843		3423
690		1725		3058260		3423
691		1672		3062692		3423
692		1668		3067144		3411
693		1698		3071573		3407
694		1707		3076012		3404
695		1728		3080424		3407
696		1715		3084866		3429
697		1713		3089296		3415
698		1673		3093747		3403
699		1718		3098185		3410
700		1743		3102623		3420
701		1725		3107038		3418
702		1709		3111475		3425
703		1711		3115923		3435
704		1675		3120369		3427
705		1714		3124803		3436
706		1676		3129218		3437
707		1706		3133615		3416
708		1701		3138030		3424
709		1674		3142436		3437
710		1640		3146860		3431
711		1634		3151280		3430
712		1621		3155703		3430
713		1660		3160174		3408
714		1676		3164623		3412
715		1660		3169046		3424
716		1683		3173463		3432
717		1706		3177911		3447
718		1687		3182324		3441
719		1707		3186751		3437
720		1710		3191173		3414
721		1668		3195608		3426
722		1684		3200013		3429
723		1641		3204447		3425
724		1668		3208857		3429
725		1644		3213284		3434
726		1623		3217723		3426
727		1639		3222121		3438
728		1657		3226560		3442
729		1661		3231004		3430
730		1648		3235441		3420
731		1641		3239849		3416
732		1661		3244299		3422
733		1651		3248716		3425
734		1615		3253138		3424
735		1629		3257561		3425
736		1623		3261968		3431
737		1649		3266417		3422
738		1609		3270826		3414
739		1618		3275233		3441
740		1640		3279652		3445
741		1642		3284088		3448
742		1655		3288517		3434
743		1658		3292964		3451
744		1660		3297387		3462
745		1651		3301817		3430
746		1648		3306218		3470
747		1648		3310648		3457
748		1628		3315045		3442
749		1628		3319473		3443
750		1646		3323916		3465
751		1653		3328349		3440
752		1640		3332766		3442
753		1627		3337190		3451
754		1634		3341628		3463
755		1649		3346070		3455
756		1660		3350488		3455
757		1653		3354930		3441
758		1655		3359373		3444
759		1666		3363803		3443
760		1629		3368227		3434
761		1659		3372655		3449
762		1649		3377098		3457
763		1634		3381569		3433
764		1631		3386002		3437
765		1605		3390415		3459
766		1617		3394829		3444
767		1583		3399269		3443
768		1553		3403707		3435
769		1579		3408114		3450
770		1604		3412519		3420
771		1611		3416949		3434
772		1605		3421415		3437
773		1558		3425846		3428
774		1503		3430264		3443
775		1509		3434710		3440
776		1531		3439140		3441
777		1515		3443566		3444
778		1545		3448003		3443
779		1555		3452430		3436
780		1561		3456841		3452
781		1588		3461269		3436
782		1566		3465691		3440
783		1558		3470134		3422
784		1582		3474528		3424
785		1596		3478949		3426
786		1608		3483400		3444
787		1619		3487833		3422
788		1629		3492263		3430
789		1620		3496686		3445
790		1563		3501129		3436
791		1583		3505563		3430
792		1620		3509996		3431
793		1592		3514428		3429
794		1583		3518867		3439
795		1582		3523311		3439
796		1602		3527733		3420
797		1586		3532182		3420
798		1619		3536637		3440
799		1590		3541066		3440
800		1576		3545495		3449
801		1532		3549937		3438
802		1549		3554359		3432
803		1559		3558793		3429
804		1550		3563224		3433
805		1535		3567664		3433
806		1582		3572070		3451
807		1606		3576473		3440
808		1591		3580908		3440
809		1629		3585326		3458
810		1632		3589777		3445
811		1612		3594226		3450
812		1588		3598656		3441
813		1578		3603110		3447
814		1627		3607504		3462
815		1617		3611904		3457
816		1550		3616344		3452
817		1548		3620730		3439
818		1598		3625153		3454
819		1573		3629624		3457
820		1540		3634041		3453
821		1558		3638465		3458
822		1579		3642910		3448
823		1576		3647333		3440
824		1570		3651753		3459
825		1555		3656208		3428
826		1567		3660633		3439
827		1546		3665054		3438
828		1535		3669468		3446
829		1549		3673898		3443
830		1510		3678302		3430
831		1518		3682736		3458
832		1494		3687155		3456
833		1471		3691553		3445
834		1503		3695985		3447
835		1481		3700410		3446
836		1475		3704849		3452
837		1478		3709291		3457
838		1493		3713719		3437
839		1476		3718159		3449
840		1503		3722602		3435
841		1451		3727011		3445
842		1445		3731422		3439
843		1471		3735842		3439
844		1460		3740305		3435
845		1460		3744742		3438
846		1484		3749187		3429
847		1475		3753613		3428
848		1441		3758027		3433
849		1454		3762446		3442
850		1420		3766836		3438
851		1467		3771231		3430
852		1444		3775654		3438
853		1447		3780040		3442
854		1455		3784473		3453
855		1457		3788897		3442
856		1449		3793299		3447
857		1439		3797733		3432
858		1466		3802191		3427
859		1490		3806577		3438
860		1505		3811001		3440
861		1483		3815435		3457
862		1482		3819850		3438
863		1471		3824293		3428
864		1483		3828723		3449
865		1514		3833161		3428
866		1574		3837600		3452
867		1545		3842036		3425
868		1535		3846474		3427
869		1528		3850926		3429
870		1517		3855360		3417
871		1525		3859763		3445
872		1520		3864181		3455
873		1524		3868615		3452
874		1541		3873023		3439
875		1501		3877464		3458
876		1496		3881899		3454
877		1517		3886325		3452
878		1548		3890742		3441
879		1576		3895157		3449
880		1551		3899606		3438
881		1533		3904030		3457
882		1524		3908449		3456
883		1542		3912856		3442
884		1536		3917289		3460
885		1523		3921680		3454
886		1531		3926128		3445
887		1517		3930582		3447
888		1529		3935020		3456
889		1526		3939466		3432
890		1520		3943868		3450
891		1486		3948324		3453
892		1471		3952744		3454
893		1505		3957154		3438
894		1515		3961562		3438
895		1560		3965979		3440
896		1562		3970438		3447
897		1530		3974879		3453
898		1547		3979324		3437
899		1535		3983763		3437
900		1551		3988190		3462
901		1562		3992638		3445
902		1496		3997072		3460
903		1487		4001496		3454
904		1442		4005909		3448
905		1448		4010351		3444
906		1444		4014782		3440
907		1429		4019204		3451
908		1465		4023635		3421
909		1479		4028058		3446
910		1516		4032476		3453
911		1481		4036913		3446
912		1494		4041334		3447
913		1492		4045761		3449
914		1465		4050192		3450
915		1472		4054612		3446
916		1435		4059047		3447
917		1392		4063491		3450
918		1433		4067929		3427
919		1437		4072351		3435
920		1414		4076781		3432
921		1418		4081233		3428
922		1399		4085650		3433
923		1398		4090092		3443
924		1378		4094513		3436
925		1410		4098936		3442
926		1414		4103375		3445
927		1429		4107795		3439
928		1461		4112219		3425
929		1449		4116660		3422
930		1424		4121100		3416
931		1407		4125530		3435
932		1429		4129959		3438
933		1402		4134374		3424
934		1435		4138809		3419
935		1429		4143216		3443
936		1433		4147668		3451
937		1413		4152099		3457
938		1410		4156508		3458
939		1427		4160928		3447
940		1457		4165354		3450
941		1449		4169792		3428
942		1437		4174236		3440
943		1431		4178661		3442
944		1462		4183095		3440
945		1443		4187508		3434
946		1460		4191956		3433
947		1463		4196407		3446
948		1475		4200853		3454
949		1472		4205275		3443
950		1487		4209671		3449
951		1471		4214090		3439
952		1460		4218509		3423
953		1465		4222916		3433
954		1487		4227361		3444
955		1461		4231784		3425
956		1483		4236232		3448
957		1449		4240651		3451
958		1457		4245077		3447
959		1462		4249488		3437
960		1462		4253901		3445
961		1475		4258348		3452
962		1470		4262774		3443
963		1446		4267215		3451
964		1461		4271631		3442
965		1474		4276026		3432
966		1449		4280479		3424
967		1464		4284909		3435
968		1449		4289333		3440
969		1457		4293792		3419
970		1438		4298218		3443
971		1433		4302642		3453
972		1430		4307061		3437
973		1448		4311505		3436
974		1467		4315931		3461
975		1449		4320343		3446
976		1464		4324784		3426
977		1442		4329222		3426
978		1415		4333683		3445
979		1483		4338135		3441
980		1425		4342577		3452
981		1440		4346980		3449
982		1453		4351408		3429
983		1487		4355845		3441
984		1461		4360271		3451
985		1459		4364709		3442
986		1447		4369151		3462
987		1460		4373608		3457
988		1460		4378061		3468
989		1459		4382507		3448
990		1453		4386960		3448
991		1423		4391413		3445
992		1452		4395853		3447
993		1429		4400302		3461
994		1409		4404728		3467
995		1387		4409163		3462
996		1384		4413606		3461
997		1376		4418049		3468
998		1365		4422505		3452
999		1378		4426945		3464
