# Migration is number of nodes that have changed color.

Round		Edge-Cut		Swaps		Migrations		Skipped
0		8876		4720		2995
1		8090		9440		3061
2		7712		14160		3081
3		7388		18880		3074
4		7039		23600		3141
5		6770		28320		3151
6		6666		33040		3198
7		6497		37760		3167
8		6365		42480		3182
9		6176		47200		3160
10		6036		51920		3154
11		5901		56640		3149
12		5794		61360		3171
13		5739		66080		3150
14		5702		70800		3186
15		5615		75520		3208
16		5566		80240		3169
17		5578		84960		3191
18		5499		89679		3211
19		5480		94399		3247
20		5475		99119		3209
21		5358		103839		3225
22		5309		108559		3188
23		5248		113278		3222
24		5191		117998		3195
25		5155		122718		3217
26		5173		127438		3214
27		5144		132158		3235
28		5131		136878		3231
29		5098		141596		3230
30		5031		146316		3231
31		5055		151036		3222
32		5048		155756		3204
33		5054		160476		3216
34		5036		165194		3201
35		5021		169914		3213
36		4981		174634		3207
37		4913		179353		3227
38		4851		184073		3213
39		4774		188793		3204
40		4769		193513		3237
41		4818		198233		3246
42		4773		202953		3263
43		4810		207673		3254
44		4776		212392		3260
45		4781		217112		3230
46		4709		221832		3258
47		4696		226552		3243
48		4698		231272		3259
49		4692		235992		3251
50		4686		240712		3269
51		4658		245432		3257
52		4674		250151		3244
53		4632		254871		3246
54		4644		259591		3242
55		4673		264311		3218
56		4618		269031		3222
57		4580		273751		3210
58		4585		278470		3256
59		4570		283187		3231
60		4608		287906		3223
61		4595		292625		3239
62		4544		297345		3248
63		4539		302065		3245
64		4400		306783		3236
65		4464		311503		3261
66		4480		316222		3234
67		4451		320942		3261
68		4495		325662		3281
69		4434		330382		3252
70		4441		335101		3257
71		4442		339821		3268
72		4422		344541		3261
73		4400		349260		3257
74		4396		353980		3276
75		4388		358699		3269
76		4384		363419		3267
77		4365		368139		3285
78		4383		372858		3274
79		4390		377578		3243
80		4409		382298		3259
81		4357		387017		3229
82		4308		391737		3238
83		4273		396457		3224
84		4303		401177		3234
85		4260		405895		3253
86		4262		410615		3261
87		4272		415335		3298
88		4250		420054		3252
89		4282		424773		3271
90		4297		429493		3282
91		4260		434213		3274
92		4205		438932		3270
93		4172		443652		3266
94		4181		448372		3248
95		4171		453090		3271
96		4173		457810		3257
97		4156		462530		3264
98		4132		467249		3230
99		4168		471969		3244
100		4171		476688		3281
101		4148		481408		3255
102		4106		486128		3279
103		4135		490848		3285
104		4132		495568		3287
105		4105		500288		3300
106		4065		505008		3268
107		4140		509727		3276
108		4132		514447		3257
109		4145		519167		3255
110		4147		523886		3268
111		4113		528606		3273
112		4116		533326		3295
113		4130		538046		3257
114		4149		542766		3261
115		4131		547486		3253
116		4070		552206		3287
117		4032		556924		3274
118		4067		561644		3267
119		4053		566364		3271
120		4095		571084		3255
121		4077		575804		3279
122		4044		580523		3284
123		4088		585243		3294
124		4083		589963		3299
125		4028		594683		3287
126		4074		599403		3287
127		4107		604123		3284
128		4081		608843		3288
129		4075		613563		3287
130		4044		618282		3298
131		4057		623002		3307
132		4034		627721		3308
133		4020		632441		3294
134		3969		637161		3305
135		3983		641881		3302
136		3965		646601		3330
137		4004		651321		3305
138		3932		656040		3293
139		3915		660760		3267
140		3967		665480		3294
141		3938		670200		3307
142		3950		674920		3302
143		3933		679640		3311
144		3845		684359		3325
145		3861		689079		3320
146		3865		693799		3309
147		3868		698518		3320
148		3853		703238		3347
149		3875		707958		3319
150		3888		712677		3318
151		3856		717394		3318
152		3866		722114		3303
153		3853		726834		3335
154		3841		731554		3304
155		3803		736274		3310
156		3816		740994		3310
157		3889		745714		3281
158		3857		750434		3298
159		3821		755152		3299
160		3830		759872		3301
161		3836		764591		3306
162		3844		769310		3302
163		3844		774029		3312
164		3908		778749		3294
165		3870		783468		3311
166		3905		788187		3325
167		3889		792907		3335
168		3861		797625		3319
169		3857		802345		3308
170		3824		807065		3303
171		3845		811785		3331
172		3827		816504		3321
173		3849		821224		3325
174		3824		825943		3336
175		3828		830663		3333
176		3833		835381		3319
177		3803		840101		3320
178		3843		844821		3303
179		3827		849540		3291
180		3792		854260		3317
181		3774		858979		3321
182		3810		863699		3307
183		3797		868419		3306
184		3825		873138		3323
185		3851		877858		3320
186		3797		882578		3327
187		3855		887297		3305
188		3787		892017		3327
189		3777		896737		3295
190		3826		901457		3318
191		3847		906175		3324
192		3800		910895		3295
193		3769		915614		3309
194		3776		920333		3314
195		3799		925053		3329
196		3731		929773		3332
197		3730		934493		3344
198		3727		939213		3326
199		3791		943932		3351
200		3772		948652		3320
201		3728		953372		3327
202		3715		958092		3338
203		3725		962812		3335
204		3731		967532		3346
205		3694		972252		3345
206		3703		976971		3332
207		3710		981691		3333
208		3664		986410		3347
209		3668		991129		3325
210		3622		995848		3326
211		3625		1000566		3307
212		3662		1005285		3314
213		3663		1010005		3296
214		3655		1014725		3325
215		3662		1019445		3323
216		3649		1024165		3340
217		3660		1028885		3320
218		3661		1033604		3323
219		3635		1038324		3309
220		3611		1043044		3319
221		3645		1047764		3286
222		3612		1052483		3323
223		3576		1057203		3299
224		3649		1061923		3340
225		3604		1066643		3330
226		3581		1071363		3322
227		3601		1076083		3340
228		3634		1080803		3331
229		3589		1085523		3327
230		3598		1090242		3331
231		3591		1094962		3326
232		3593		1099682		3338
233		3565		1104401		3338
234		3565		1109121		3325
235		3550		1113840		3331
236		3583		1118560		3318
237		3638		1123280		3323
238		3612		1128000		3311
239		3572		1132720		3322
240		3558		1137440		3320
241		3528		1142158		3323
242		3544		1146878		3308
243		3538		1151598		3344
244		3548		1156317		3322
245		3576		1161036		3327
246		3589		1165756		3317
247		3584		1170476		3335
248		3580		1175196		3333
249		3588		1179916		3292
250		3560		1184636		3317
251		3552		1189356		3343
252		3524		1194076		3318
253		3561		1198796		3323
254		3538		1203516		3331
255		3547		1208235		3329
256		3581		1212955		3342
257		3544		1217674		3315
258		3570		1222394		3335
259		3575		1227113		3339
260		3552		1231833		3343
261		3546		1236553		3330
262		3550		1241273		3350
263		3544		1245993		3329
264		3554		1250713		3337
265		3527		1255433		3334
266		3549		1260153		3343
267		3513		1264873		3355
268		3523		1269592		3343
269		3512		1274312		3321
270		3518		1279032		3333
271		3527		1283752		3332
272		3543		1288472		3333
273		3534		1293192		3319
274		3582		1297911		3318
275		3520		1302631		3323
276		3487		1307350		3323
277		3522		1312070		3323
278		3521		1316790		3339
279		3530		1321510		3312
280		3520		1326230		3331
281		3516		1330949		3346
282		3471		1335668		3348
283		3479		1340388		3328
284		3484		1345107		3327
285		3483		1349827		3336
286		3500		1354546		3343
287		3403		1359265		3340
288		3445		1363982		3343
289		3477		1368702		3341
290		3448		1373422		3375
291		3464		1378142		3350
292		3521		1382862		3361
293		3477		1387582		3339
294		3448		1392302		3347
295		3482		1397022		3336
296		3507		1401742		3357
297		3511		1406462		3348
298		3465		1411181		3344
299		3417		1415901		3349
300		3410		1420621		3370
301		3430		1425341		3355
302		3396		1430061		3360
303		3391		1434781		3357
304		3392		1439501		3374
305		3360		1444220		3364
306		3396		1448939		3368
307		3407		1453659		3366
308		3398		1458379		3386
309		3406		1463098		3365
310		3384		1467818		3363
311		3406		1472538		3366
312		3389		1477258		3366
313		3437		1481978		3368
314		3410		1486698		3367
315		3434		1491418		3388
316		3454		1496138		3379
317		3442		1500857		3346
318		3444		1505577		3365
319		3435		1510296		3373
320		3421		1515015		3350
321		3419		1519734		3342
322		3350		1524454		3355
323		3383		1529173		3330
324		3427		1533893		3337
325		3400		1538613		3339
326		3415		1543332		3357
327		3400		1548052		3339
328		3380		1552772		3351
329		3351		1557491		3335
330		3389		1562211		3356
331		3426		1566931		3335
332		3353		1571651		3357
333		3326		1576369		3371
334		3342		1581087		3374
335		3367		1585807		3370
336		3386		1590527		3369
337		3352		1595247		3362
338		3326		1599967		3342
339		3319		1604687		3373
340		3326		1609407		3359
341		3307		1614124		3369
342		3348		1618843		3369
343		3364		1623561		3376
344		3369		1628281		3362
345		3344		1633001		3353
346		3345		1637721		3393
347		3350		1642441		3356
348		3333		1647159		3353
349		3353		1651879		3355
350		3335		1656599		3362
351		3338		1661319		3358
352		3296		1666039		3357
353		3316		1670759		3359
354		3296		1675479		3357
355		3283		1680199		3365
356		3245		1684919		3342
357		3304		1689639		3352
358		3241		1694358		3357
359		3291		1699078		3364
360		3264		1703798		3372
361		3257		1708518		3364
362		3278		1713238		3387
363		3275		1717956		3361
364		3231		1722676		3359
365		3231		1727394		3364
366		3275		1732112		3381
367		3306		1736832		3356
368		3268		1741552		3376
369		3284		1746272		3362
370		3255		1750990		3380
371		3278		1755710		3348
372		3230		1760429		3358
373		3252		1765149		3368
374		3236		1769869		3362
375		3208		1774589		3357
376		3194		1779308		3371
377		3181		1784027		3352
378		3230		1788747		3359
379		3220		1793466		3371
380		3205		1798185		3384
381		3198		1802905		3366
382		3237		1807625		3379
383		3223		1812345		3400
384		3236		1817065		3389
385		3226		1821783		3363
386		3223		1826503		3379
387		3223		1831220		3369
388		3199		1835939		3388
389		3226		1840658		3391
390		3262		1845378		3383
391		3230		1850098		3391
392		3203		1854818		3385
393		3185		1859537		3370
394		3196		1864257		3378
395		3167		1868976		3380
396		3136		1873696		3372
397		3179		1878415		3377
398		3165		1883135		3368
399		3160		1887855		3357
400		3198		1892575		3361
401		3239		1897295		3359
402		3177		1902013		3371
403		3173		1906733		3366
404		3161		1911453		3358
405		3166		1916173		3361
406		3160		1920893		3375
407		3105		1925613		3375
408		3112		1930333		3364
409		3155		1935053		3365
410		3193		1939773		3383
411		3161		1944492		3389
412		3201		1949212		3384
413		3146		1953932		3375
414		3144		1958652		3371
415		3131		1963372		3364
416		3145		1968092		3387
417		3136		1972812		3376
418		3160		1977532		3369
419		3141		1982252		3354
420		3138		1986971		3383
421		3133		1991691		3355
422		3133		1996411		3358
423		3175		2001131		3380
424		3122		2005851		3382
425		3156		2010571		3376
426		3122		2015291		3387
427		3164		2020010		3373
428		3124		2024729		3377
429		3125		2029449		3375
430		3155		2034169		3384
431		3142		2038888		3369
432		3109		2043608		3367
433		3078		2048327		3369
434		3121		2053047		3395
435		3139		2057767		3370
436		3115		2062487		3380
437		3128		2067207		3361
438		3178		2071926		3375
439		3141		2076646		3377
440		3117		2081366		3378
441		3130		2086084		3378
442		3109		2090803		3387
443		3136		2095523		3390
444		3116		2100241		3373
445		3144		2104961		3380
446		3117		2109680		3383
447		3125		2114400		3392
448		3088		2119120		3374
449		3079		2123840		3378
450		3129		2128559		3399
451		3124		2133279		3388
452		3102		2137999		3384
453		3056		2142718		3369
454		3087		2147437		3381
455		3083		2152157		3380
456		3097		2156876		3383
457		3133		2161596		3392
458		3143		2166315		3396
459		3127		2171032		3399
460		3180		2175751		3379
461		3129		2180471		3387
462		3117		2185191		3392
463		3136		2189911		3410
464		3132		2194630		3375
465		3145		2199350		3408
466		3140		2204070		3391
467		3105		2208789		3400
468		3089		2213509		3391
469		3094		2218229		3401
470		3142		2222949		3401
471		3128		2227669		3399
472		3169		2232389		3379
473		3141		2237108		3385
474		3137		2241827		3369
475		3112		2246547		3376
476		3100		2251267		3379
477		3145		2255987		3381
478		3202		2260707		3381
479		3208		2265427		3398
480		3132		2270147		3400
481		3124		2274867		3389
482		3124		2279586		3386
483		3124		2284306		3384
484		3162		2289026		3383
485		3146		2293746		3370
486		3172		2298466		3395
487		3157		2303185		3403
488		3155		2307905		3395
489		3177		2312625		3391
490		3126		2317345		3368
491		3151		2322065		3377
492		3140		2326785		3391
493		3183		2331505		3393
494		3200		2336225		3384
495		3135		2340944		3384
496		3150		2345663		3394
497		3098		2350383		3395
498		3118		2355101		3381
499		3158		2359820		3387
500		3147		2364538		3394
501		3154		2369258		3392
502		3161		2373978		3380
503		3130		2378698		3388
504		3160		2383418		3391
505		3162		2388138		3395
506		3125		2392858		3391
507		3116		2397577		3390
508		3114		2402297		3369
509		3098		2407017		3372
510		3165		2411737		3383
511		3138		2416457		3383
512		3136		2421177		3369
513		3128		2425897		3391
514		3102		2430617		3386
515		3048		2435337		3373
516		3060		2440057		3378
517		3096		2444776		3377
518		3100		2449496		3370
519		3124		2454216		3377
520		3107		2458936		3364
521		3085		2463656		3392
522		3114		2468374		3375
523		3133		2473092		3387
524		3151		2477812		3386
525		3118		2482531		3404
526		3151		2487250		3401
527		3172		2491970		3408
528		3157		2496690		3401
529		3184		2501408		3374
530		3121		2506128		3376
531		3117		2510848		3377
532		3091		2515568		3390
533		3128		2520288		3383
534		3127		2525008		3382
535		3076		2529728		3365
536		3091		2534448		3372
537		3116		2539166		3393
538		3090		2543886		3373
539		3112		2548606		3388
540		3100		2553326		3384
541		3088		2558046		3384
542		3062		2562766		3376
543		3097		2567486		3368
544		3089		2572205		3387
545		3068		2576925		3380
546		3068		2581644		3366
547		3063		2586363		3387
548		3036		2591083		3384
549		2990		2595802		3395
550		3016		2600521		3401
551		3046		2605241		3387
552		3011		2609961		3371
553		3021		2614680		3365
554		3033		2619399		3386
555		3044		2624119		3369
556		3097		2628839		3366
557		3057		2633558		3372
558		3054		2638277		3372
559		3034		2642997		3370
560		3037		2647717		3388
561		3062		2652437		3377
562		3083		2657157		3387
563		3038		2661877		3396
564		3126		2666596		3377
565		3128		2671316		3378
566		3124		2676036		3383
567		3157		2680756		3381
568		3080		2685476		3397
569		3112		2690196		3402
570		3101		2694916		3411
571		3112		2699635		3405
572		3094		2704355		3395
573		3096		2709074		3383
574		3098		2713794		3382
575		3080		2718513		3384
576		3102		2723233		3388
577		3112		2727952		3396
578		3063		2732672		3392
579		3111		2737390		3389
580		3063		2742108		3385
581		3036		2746828		3396
582		3031		2751547		3402
583		3022		2756267		3394
584		3021		2760986		3413
585		2994		2765705		3397
586		2980		2770424		3392
587		3018		2775143		3390
588		3034		2779863		3387
589		3023		2784582		3389
590		3023		2789302		3397
591		3027		2794022		3408
592		3077		2798742		3394
593		3029		2803462		3390
594		3056		2808182		3392
595		3032		2812902		3393
596		3041		2817620		3402
597		2970		2822338		3376
598		3011		2827058		3378
599		3008		2831778		3389
600		3037		2836497		3391
601		3001		2841217		3402
602		2976		2845936		3397
603		2946		2850655		3396
604		2959		2855375		3411
605		2923		2860095		3391
606		2922		2864814		3406
607		2964		2869534		3396
608		2980		2874254		3400
609		3001		2878974		3411
610		3015		2883693		3410
611		2967		2888413		3400
612		2918		2893132		3411
613		2918		2897852		3408
614		2898		2902572		3421
615		2939		2907292		3413
616		2931		2912012		3402
617		2932		2916732		3391
618		2939		2921452		3410
619		2968		2926172		3411
620		2982		2930892		3414
621		2964		2935612		3412
622		2976		2940331		3420
623		2947		2945050		3424
624		2947		2949770		3416
625		2929		2954490		3404
626		2914		2959210		3393
627		2965		2963930		3396
628		2943		2968649		3404
629		2957		2973369		3401
630		2931		2978087		3398
631		2941		2982806		3401
632		2905		2987526		3399
633		2939		2992246		3408
634		2961		2996965		3404
635		2939		3001683		3396
636		2947		3006403		3395
637		2948		3011123		3400
638		2953		3015843		3403
639		2942		3020561		3407
640		2949		3025281		3406
641		2957		3030000		3397
642		2963		3034719		3417
643		2930		3039439		3410
644		2920		3044159		3412
645		2922		3048878		3403
646		2926		3053598		3386
647		2938		3058318		3400
648		2956		3063038		3391
649		2955		3067758		3389
650		2940		3072478		3418
651		2936		3077198		3414
652		2933		3081917		3403
653		2934		3086636		3411
654		2953		3091356		3426
655		2943		3096076		3425
656		2943		3100796		3421
657		2964		3105516		3392
658		2926		3110235		3412
659		2940		3114955		3415
660		2911		3119675		3430
661		2930		3124395		3419
662		2913		3129115		3421
663		2962		3133834		3436
664		2988		3138554		3425
665		2961		3143273		3417
666		2941		3147992		3425
667		2919		3152712		3410
668		2909		3157431		3403
669		2911		3162151		3408
670		2903		3166871		3386
671		2873		3171591		3392
672		2918		3176311		3406
673		2952		3181031		3399
674		2942		3185749		3416
675		2905		3190466		3398
676		2909		3195186		3394
677		2938		3199906		3388
678		2915		3204626		3390
679		2940		3209344		3392
680		2913		3214063		3415
681		2925		3218783		3400
682		2967		3223503		3411
683		2971		3228223		3404
684		2999		3232943		3418
685		2980		3237662		3420
686		2973		3242382		3433
687		2947		3247101		3413
688		2956		3251821		3425
689		2950		3256540		3412
690		2912		3261259		3400
691		2913		3265979		3401
692		2928		3270699		3389
693		2940		3275419		3393
694		2935		3280139		3393
695		2915		3284859		3393
696		2916		3289579		3405
697		2925		3294299		3412
698		2886		3299018		3411
699		2889		3303737		3403
700		2856		3308457		3419
701		2906		3313177		3410
702		2923		3317897		3406
703		2914		3322615		3406
704		2898		3327334		3402
705		2907		3332054		3405
706		2926		3336774		3395
707		2921		3341494		3399
708		2945		3346213		3401
709		2950		3350933		3412
710		2913		3355652		3405
711		2921		3360372		3413
712		2893		3365092		3404
713		2878		3369812		3408
714		2915		3374531		3404
715		2946		3379250		3410
716		2934		3383970		3393
717		2935		3388690		3405
718		2958		3393410		3397
719		2950		3398129		3405
720		2960		3402849		3399
721		2953		3407569		3407
722		2977		3412289		3385
723		2970		3417009		3386
724		2986		3421728		3395
725		2943		3426448		3402
726		2947		3431167		3395
727		2947		3435887		3397
728		2934		3440607		3410
729		2987		3445327		3420
730		2990		3450047		3404
731		3010		3454767		3412
732		2994		3459487		3411
733		2979		3464207		3409
734		2993		3468926		3431
735		2976		3473646		3421
736		2991		3478366		3419
737		2985		3483085		3426
738		2966		3487805		3410
739		2962		3492524		3418
740		3020		3497244		3396
741		2992		3501964		3409
742		2973		3506684		3406
743		2988		3511404		3408
744		2972		3516124		3413
745		2986		3520843		3417
746		2979		3525563		3416
747		3018		3530283		3421
748		2997		3535003		3410
749		2985		3539722		3405
750		2961		3544439		3391
751		2972		3549159		3402
752		3010		3553879		3406
753		2986		3558599		3402
754		2974		3563318		3417
755		2977		3568038		3410
756		3034		3572758		3407
757		3024		3577477		3419
758		3017		3582195		3399
759		3005		3586915		3394
760		2993		3591635		3387
761		2973		3596355		3397
762		2998		3601075		3400
763		2956		3605794		3400
764		2972		3610514		3392
765		2982		3615234		3383
766		2970		3619953		3386
767		2924		3624672		3388
768		2953		3629392		3391
769		2965		3634111		3402
770		2945		3638831		3396
771		2933		3643549		3397
772		2982		3648269		3398
773		2931		3652987		3406
774		2990		3657707		3402
775		3013		3662427		3385
776		2988		3667147		3391
777		2990		3671867		3388
778		3011		3676587		3387
779		2970		3681307		3386
780		3028		3686027		3412
781		3010		3690746		3407
782		2992		3695466		3390
783		3023		3700186		3393
784		2987		3704906		3386
785		2982		3709626		3389
786		2990		3714345		3396
787		3020		3719064		3406
788		2972		3723784		3408
789		2948		3728504		3405
790		2945		3733222		3398
791		2937		3737942		3424
792		2936		3742661		3405
793		2957		3747381		3423
794		2915		3752101		3419
795		2920		3756821		3427
796		2892		3761541		3425
797		2896		3766261		3428
798		2934		3770981		3418
799		2915		3775700		3417
800		2903		3780420		3411
801		2918		3785140		3408
802		2925		3789859		3415
803		2928		3794579		3410
804		2908		3799299		3398
805		2903		3804019		3423
806		2924		3808739		3438
807		2876		3813459		3413
808		2921		3818178		3404
809		2899		3822896		3398
810		2848		3827615		3410
811		2875		3832334		3425
812		2860		3837054		3402
813		2859		3841774		3406
814		2878		3846494		3404
815		2885		3851213		3408
816		2859		3855932		3419
817		2862		3860652		3416
818		2864		3865372		3407
819		2855		3870092		3391
820		2875		3874812		3396
821		2859		3879532		3397
822		2871		3884252		3410
823		2891		3888972		3398
824		2900		3893692		3410
825		2878		3898409		3420
826		2871		3903129		3408
827		2920		3907847		3383
828		2893		3912567		3404
829		2903		3917286		3399
830		2932		3922004		3400
831		2904		3926723		3402
832		2888		3931442		3418
833		2894		3936162		3414
834		2926		3940882		3417
835		2894		3945602		3407
836		2922		3950322		3403
837		2933		3955042		3397
838		2919		3959761		3404
839		2897		3964479		3397
840		2934		3969199		3408
841		2916		3973918		3399
842		2902		3978638		3397
843		2894		3983357		3402
844		2916		3988077		3410
845		2883		3992796		3387
846		2902		3997515		3401
847		2909		4002235		3422
848		2947		4006955		3412
849		2948		4011675		3401
850		2900		4016395		3391
851		2921		4021115		3393
852		2875		4025835		3386
853		2900		4030552		3404
854		2892		4035270		3400
855		2896		4039990		3406
856		2877		4044709		3398
857		2871		4049426		3417
858		2850		4054145		3414
859		2916		4058865		3404
860		2904		4063585		3430
861		2927		4068304		3416
862		2922		4073024		3420
863		2938		4077744		3421
864		2925		4082464		3423
865		2919		4087184		3418
866		2919		4091903		3413
867		2911		4096622		3439
868		2898		4101342		3434
869		2905		4106062		3426
870		2925		4110782		3419
871		2873		4115501		3414
872		2864		4120221		3426
873		2858		4124941		3417
874		2858		4129661		3425
875		2838		4134381		3415
876		2864		4139101		3401
877		2826		4143820		3410
878		2833		4148539		3400
879		2789		4153258		3399
880		2833		4157976		3407
881		2827		4162696		3419
882		2840		4167416		3410
883		2821		4172134		3407
884		2817		4176853		3390
885		2806		4181572		3394
886		2834		4186292		3405
887		2828		4191012		3405
888		2808		4195732		3411
889		2814		4200452		3411
890		2806		4205171		3416
891		2821		4209890		3415
892		2862		4214610		3409
893		2846		4219330		3426
894		2811		4224049		3417
895		2819		4228769		3411
896		2841		4233488		3404
897		2837		4238208		3413
898		2841		4242928		3413
899		2846		4247647		3434
900		2894		4252366		3412
901		2845		4257085		3415
902		2832		4261805		3418
903		2774		4266525		3402
904		2789		4271245		3428
905		2799		4275965		3423
906		2803		4280685		3399
907		2829		4285405		3412
908		2851		4290124		3412
909		2789		4294844		3405
910		2771		4299564		3410
911		2786		4304284		3422
912		2817		4309004		3421
913		2797		4313724		3424
914		2823		4318444		3423
915		2821		4323164		3413
916		2848		4327884		3420
917		2839		4332603		3424
918		2812		4337323		3420
919		2841		4342043		3420
920		2830		4346763		3412
921		2777		4351483		3411
922		2810		4356203		3414
923		2785		4360923		3420
924		2823		4365642		3418
925		2812		4370362		3420
926		2816		4375082		3430
927		2810		4379801		3436
928		2814		4384521		3450
929		2822		4389241		3430
930		2867		4393961		3436
931		2815		4398680		3406
932		2804		4403400		3417
933		2804		4408119		3414
934		2810		4412838		3418
935		2800		4417558		3400
936		2803		4422276		3416
937		2825		4426995		3423
938		2816		4431715		3445
939		2848		4436435		3435
940		2866		4441155		3426
941		2844		4445875		3426
942		2820		4450595		3422
943		2833		4455315		3421
944		2824		4460034		3423
945		2851		4464754		3431
946		2828		4469473		3429
947		2835		4474192		3422
948		2865		4478912		3427
949		2861		4483632		3410
950		2866		4488352		3436
951		2848		4493071		3419
952		2861		4497790		3427
953		2842		4502510		3442
954		2802		4507229		3431
955		2842		4511949		3433
956		2818		4516669		3448
957		2803		4521389		3429
958		2792		4526109		3425
959		2757		4530828		3429
960		2780		4535548		3444
961		2759		4540268		3439
962		2824		4544985		3445
963		2839		4549705		3433
964		2800		4554423		3441
965		2839		4559143		3435
966		2815		4563863		3443
967		2871		4568583		3441
968		2841		4573302		3440
969		2852		4578021		3440
970		2861		4582741		3419
971		2831		4587461		3415
972		2820		4592180		3432
973		2829		4596900		3453
974		2848		4601617		3439
975		2814		4606337		3446
976		2798		4611057		3438
977		2828		4615776		3423
978		2856		4620495		3425
979		2836		4625215		3436
980		2837		4629935		3433
981		2828		4634653		3461
982		2831		4639371		3438
983		2814		4644091		3433
984		2760		4648811		3428
985		2809		4653531		3435
986		2753		4658250		3437
987		2797		4662970		3442
988		2838		4667689		3454
989		2821		4672408		3453
990		2834		4677128		3441
991		2838		4681848		3445
992		2789		4686568		3444
993		2816		4691288		3454
994		2844		4696007		3435
995		2832		4700726		3440
996		2840		4705446		3461
997		2841		4710166		3452
998		2812		4714886		3427
999		2760		4719605		3432
