# Migration is number of nodes that have changed color.

Round		Edge-Cut		Swaps		Migrations		Skipped
0		8896		4720		3046
1		8269		9440		3068
2		7876		14160		3129
3		7477		18880		3088
4		7172		23600		3177
5		6945		28320		3170
6		6780		33040		3187
7		6569		37760		3180
8		6479		42480		3200
9		6372		47200		3233
10		6265		51920		3217
11		6113		56640		3243
12		6030		61360		3230
13		5961		66080		3250
14		5809		70800		3222
15		5760		75520		3211
16		5710		80239		3238
17		5636		84959		3251
18		5620		89678		3237
19		5519		94398		3213
20		5463		99116		3232
21		5368		103836		3224
22		5291		108556		3238
23		5293		113276		3239
24		5211		117996		3239
25		5207		122716		3250
26		5119		127436		3253
27		5043		132156		3234
28		5068		136876		3238
29		5054		141596		3288
30		5079		146315		3257
31		5081		151035		3252
32		5066		155755		3258
33		5062		160475		3232
34		4999		165195		3230
35		5053		169915		3209
36		4992		174635		3265
37		4894		179355		3235
38		4890		184075		3242
39		4905		188795		3238
40		4841		193514		3237
41		4825		198233		3258
42		4771		202953		3271
43		4803		207673		3273
44		4792		212392		3255
45		4767		217112		3262
46		4814		221832		3270
47		4783		226552		3293
48		4763		231272		3278
49		4705		235991		3288
50		4650		240710		3260
51		4630		245430		3271
52		4608		250150		3287
53		4588		254870		3278
54		4574		259590		3268
55		4601		264310		3227
56		4609		269029		3252
57		4633		273748		3272
58		4601		278468		3240
59		4563		283188		3261
60		4531		287908		3249
61		4539		292628		3236
62		4526		297347		3258
63		4546		302067		3272
64		4446		306787		3275
65		4520		311506		3276
66		4482		316225		3277
67		4482		320945		3279
68		4469		325665		3260
69		4426		330385		3281
70		4430		335104		3267
71		4435		339824		3269
72		4462		344544		3279
73		4432		349264		3296
74		4452		353984		3310
75		4407		358704		3290
76		4424		363423		3282
77		4374		368143		3282
78		4364		372863		3257
79		4362		377583		3277
80		4334		382303		3274
81		4345		387023		3289
82		4290		391743		3282
83		4266		396463		3304
84		4249		401181		3287
85		4217		405901		3282
86		4273		410621		3292
87		4242		415340		3289
88		4187		420059		3299
89		4154		424779		3295
90		4214		429498		3271
91		4217		434218		3281
92		4158		438937		3262
93		4124		443657		3252
94		4130		448376		3276
95		4107		453096		3294
96		4134		457816		3290
97		4109		462535		3294
98		4058		467255		3287
99		4112		471975		3293
100		4115		476695		3286
101		4121		481415		3310
102		4091		486135		3285
103		4113		490855		3285
104		4049		495575		3288
105		4054		500293		3278
106		4093		505012		3288
107		4029		509732		3310
108		4070		514452		3300
109		4034		519172		3301
110		4010		523892		3308
111		4041		528612		3307
112		4014		533332		3330
113		4042		538051		3315
114		4081		542771		3332
115		4005		547489		3321
116		4034		552209		3310
117		4052		556928		3330
118		4010		561648		3329
119		4039		566367		3298
120		3977		571086		3328
121		3932		575806		3314
122		3927		580526		3317
123		3971		585246		3310
124		3955		589966		3326
125		3956		594685		3325
126		3975		599405		3317
127		3982		604125		3323
128		3975		608844		3330
129		3934		613564		3312
130		3932		618284		3314
131		3933		623004		3313
132		3905		627724		3307
133		3926		632443		3291
134		3915		637162		3294
135		3926		641882		3295
136		3892		646602		3296
137		3869		651322		3317
138		3909		656042		3276
139		3849		660762		3307
140		3894		665480		3313
141		3884		670200		3326
142		3869		674920		3303
143		3881		679640		3296
144		3887		684360		3317
145		3890		689080		3309
146		3855		693799		3302
147		3826		698517		3296
148		3892		703237		3295
149		3893		707957		3309
150		3899		712677		3331
151		3876		717397		3320
152		3900		722117		3324
153		3867		726836		3315
154		3856		731555		3306
155		3833		736275		3307
156		3821		740995		3302
157		3830		745715		3323
158		3810		750435		3312
159		3762		755154		3310
160		3789		759873		3302
161		3812		764592		3313
162		3765		769312		3308
163		3721		774032		3315
164		3769		778752		3325
165		3797		783472		3301
166		3813		788191		3301
167		3820		792911		3296
168		3794		797630		3304
169		3748		802350		3307
170		3768		807070		3312
171		3761		811789		3319
172		3755		816508		3315
173		3728		821228		3326
174		3749		825948		3325
175		3725		830668		3303
176		3790		835388		3339
177		3747		840108		3342
178		3736		844828		3340
179		3703		849548		3327
180		3749		854268		3342
181		3759		858988		3329
182		3697		863708		3333
183		3679		868426		3338
184		3713		873145		3331
185		3691		877865		3338
186		3690		882585		3316
187		3686		887305		3301
188		3733		892024		3302
189		3754		896744		3303
190		3753		901464		3316
191		3733		906184		3327
192		3654		910903		3335
193		3697		915622		3330
194		3668		920342		3330
195		3662		925062		3327
196		3613		929782		3339
197		3624		934501		3325
198		3636		939221		3328
199		3615		943941		3306
200		3587		948661		3324
201		3640		953380		3322
202		3617		958100		3311
203		3629		962819		3312
204		3626		967537		3303
205		3646		972257		3299
206		3658		976977		3300
207		3676		981697		3328
208		3663		986417		3319
209		3643		991137		3312
210		3686		995857		3315
211		3645		1000577		3324
212		3658		1005297		3314
213		3640		1010017		3289
214		3682		1014737		3301
215		3610		1019456		3306
216		3625		1024176		3315
217		3636		1028895		3328
218		3616		1033615		3317
219		3649		1038334		3314
220		3577		1043053		3310
221		3616		1047773		3314
222		3647		1052492		3328
223		3638		1057212		3316
224		3682		1061932		3305
225		3670		1066651		3324
226		3673		1071371		3318
227		3623		1076090		3320
228		3619		1080810		3307
229		3584		1085530		3326
230		3603		1090250		3336
231		3632		1094970		3331
232		3664		1099690		3313
233		3686		1104410		3334
234		3691		1109130		3315
235		3647		1113848		3340
236		3604		1118566		3336
237		3651		1123285		3317
238		3653		1128004		3321
239		3591		1132722		3302
240		3641		1137441		3320
241		3602		1142161		3315
242		3592		1146880		3320
243		3617		1151599		3324
244		3593		1156319		3325
245		3557		1161039		3307
246		3555		1165758		3318
247		3561		1170478		3321
248		3571		1175198		3305
249		3603		1179917		3314
250		3594		1184637		3315
251		3595		1189357		3310
252		3588		1194077		3315
253		3585		1198796		3313
254		3594		1203516		3311
255		3562		1208236		3330
256		3581		1212956		3330
257		3606		1217676		3329
258		3577		1222396		3327
259		3549		1227116		3332
260		3554		1231836		3334
261		3550		1236556		3320
262		3594		1241273		3347
263		3616		1245992		3363
264		3577		1250711		3345
265		3554		1255431		3327
266		3530		1260149		3332
267		3520		1264869		3320
268		3555		1269589		3319
269		3554		1274309		3311
270		3518		1279029		3315
271		3551		1283748		3329
272		3614		1288468		3355
273		3563		1293188		3339
274		3578		1297908		3323
275		3609		1302626		3354
276		3580		1307345		3358
277		3558		1312064		3342
278		3498		1316783		3344
279		3545		1321503		3342
280		3597		1326223		3350
281		3571		1330943		3344
282		3561		1335663		3342
283		3539		1340383		3364
284		3590		1345103		3351
285		3571		1349823		3336
286		3548		1354543		3363
287		3528		1359262		3333
288		3548		1363982		3357
289		3590		1368702		3343
290		3605		1373422		3348
291		3592		1378142		3354
292		3535		1382862		3348
293		3511		1387582		3348
294		3507		1392302		3336
295		3537		1397022		3335
296		3541		1401742		3345
297		3554		1406462		3324
298		3560		1411182		3342
299		3573		1415902		3312
300		3569		1420622		3330
301		3534		1425341		3318
302		3478		1430061		3334
303		3517		1434781		3334
304		3503		1439501		3339
305		3484		1444220		3307
306		3476		1448940		3333
307		3495		1453660		3333
308		3518		1458380		3344
309		3526		1463100		3349
310		3520		1467820		3331
311		3547		1472540		3327
312		3514		1477260		3340
313		3459		1481979		3349
314		3445		1486698		3330
315		3475		1491418		3356
316		3526		1496138		3351
317		3486		1500856		3348
318		3464		1505576		3348
319		3475		1510296		3328
320		3426		1515014		3333
321		3462		1519734		3351
322		3413		1524454		3335
323		3443		1529174		3332
324		3405		1533894		3332
325		3368		1538614		3339
326		3411		1543334		3356
327		3396		1548053		3356
328		3370		1552773		3343
329		3377		1557493		3349
330		3334		1562212		3354
331		3337		1566932		3352
332		3409		1571651		3352
333		3420		1576370		3365
334		3382		1581089		3358
335		3400		1585809		3352
336		3444		1590528		3355
337		3449		1595248		3343
338		3425		1599967		3362
339		3378		1604686		3350
340		3422		1609406		3353
341		3410		1614124		3349
342		3390		1618842		3349
343		3432		1623561		3338
344		3446		1628281		3379
345		3466		1633001		3340
346		3432		1637721		3342
347		3382		1642440		3316
348		3402		1647159		3339
349		3411		1651879		3336
350		3430		1656599		3345
351		3407		1661319		3350
352		3368		1666039		3342
353		3422		1670758		3344
354		3416		1675478		3327
355		3394		1680197		3328
356		3386		1684916		3328
357		3373		1689636		3367
358		3334		1694355		3343
359		3385		1699074		3357
360		3371		1703793		3352
361		3368		1708513		3311
362		3342		1713233		3326
363		3421		1717953		3333
364		3409		1722673		3339
365		3389		1727393		3323
366		3388		1732113		3324
367		3360		1736833		3312
368		3344		1741553		3335
369		3350		1746271		3330
370		3322		1750991		3331
371		3316		1755710		3328
372		3350		1760429		3316
373		3360		1765149		3339
374		3307		1769869		3341
375		3327		1774588		3347
376		3333		1779307		3358
377		3308		1784027		3352
378		3303		1788745		3345
379		3279		1793465		3353
380		3290		1798185		3362
381		3276		1802904		3370
382		3310		1807624		3373
383		3320		1812344		3394
384		3390		1817063		3368
385		3348		1821783		3383
386		3353		1826503		3348
387		3361		1831223		3353
388		3311		1835943		3374
389		3361		1840663		3365
390		3334		1845383		3362
391		3333		1850103		3349
392		3312		1854823		3356
393		3338		1859543		3361
394		3346		1864262		3350
395		3363		1868982		3355
396		3328		1873702		3342
397		3309		1878422		3348
398		3282		1883142		3356
399		3270		1887862		3347
400		3268		1892581		3363
401		3294		1897300		3347
402		3307		1902020		3349
403		3270		1906739		3348
404		3301		1911459		3339
405		3280		1916178		3354
406		3301		1920898		3378
407		3308		1925617		3358
408		3290		1930337		3367
409		3289		1935057		3355
410		3292		1939777		3346
411		3307		1944497		3356
412		3268		1949217		3360
413		3237		1953937		3362
414		3240		1958656		3354
415		3270		1963376		3355
416		3254		1968096		3351
417		3242		1972815		3353
418		3266		1977535		3339
419		3283		1982255		3336
420		3254		1986975		3329
421		3246		1991695		3345
422		3252		1996415		3361
423		3216		2001135		3356
424		3201		2005854		3342
425		3186		2010574		3341
426		3206		2015294		3321
427		3220		2020014		3338
428		3198		2024734		3350
429		3245		2029454		3337
430		3245		2034174		3358
431		3198		2038894		3342
432		3241		2043613		3343
433		3251		2048333		3338
434		3247		2053053		3354
435		3207		2057773		3373
436		3171		2062493		3351
437		3157		2067213		3343
438		3159		2071932		3353
439		3153		2076652		3331
440		3147		2081371		3361
441		3134		2086091		3355
442		3144		2090811		3346
443		3099		2095531		3344
444		3163		2100251		3354
445		3192		2104971		3352
446		3229		2109691		3369
447		3229		2114410		3353
448		3205		2119130		3369
449		3225		2123850		3331
450		3227		2128570		3362
451		3233		2133289		3353
452		3207		2138007		3368
453		3247		2142726		3372
454		3226		2147445		3373
455		3206		2152165		3382
456		3191		2156885		3362
457		3197		2161605		3358
458		3161		2166325		3364
459		3198		2171045		3359
460		3164		2175765		3369
461		3173		2180485		3357
462		3111		2185204		3377
463		3162		2189924		3360
464		3172		2194643		3343
465		3154		2199363		3374
466		3187		2204083		3374
467		3188		2208803		3365
468		3170		2213523		3350
469		3136		2218243		3362
470		3161		2222963		3367
471		3178		2227683		3358
472		3183		2232402		3336
473		3150		2237121		3328
474		3160		2241840		3356
475		3175		2246559		3360
476		3178		2251279		3350
477		3200		2255998		3354
478		3150		2260716		3360
479		3132		2265436		3365
480		3145		2270156		3379
481		3120		2274875		3371
482		3138		2279594		3369
483		3102		2284314		3357
484		3117		2289034		3364
485		3095		2293753		3362
486		3115		2298473		3383
487		3132		2303193		3382
488		3156		2307912		3356
489		3125		2312631		3365
490		3143		2317350		3356
491		3173		2322070		3373
492		3167		2326787		3374
493		3208		2331506		3373
494		3172		2336226		3352
495		3165		2340946		3347
496		3180		2345665		3343
497		3169		2350385		3354
498		3167		2355105		3369
499		3144		2359825		3375
500		3139		2364545		3349
501		3166		2369265		3352
502		3156		2373985		3349
503		3173		2378705		3357
504		3154		2383425		3363
505		3191		2388145		3348
506		3154		2392865		3368
507		3123		2397585		3375
508		3153		2402305		3362
509		3132		2407025		3365
510		3136		2411744		3364
511		3162		2416463		3354
512		3166		2421181		3361
513		3165		2425898		3362
514		3133		2430618		3345
515		3129		2435338		3345
516		3080		2440057		3355
517		3060		2444777		3375
518		3111		2449497		3359
519		3121		2454217		3348
520		3075		2458937		3362
521		3071		2463657		3361
522		3070		2468377		3390
523		3100		2473097		3400
524		3088		2477817		3369
525		3090		2482536		3360
526		3127		2487256		3346
527		3141		2491976		3370
528		3142		2496695		3370
529		3120		2501415		3376
530		3130		2506135		3368
531		3117		2510854		3365
532		3124		2515574		3358
533		3103		2520292		3357
534		3113		2525011		3374
535		3147		2529731		3366
536		3125		2534451		3367
537		3119		2539171		3373
538		3166		2543891		3357
539		3092		2548611		3366
540		3100		2553330		3363
541		3128		2558050		3374
542		3091		2562770		3360
543		3114		2567489		3366
544		3102		2572208		3372
545		3072		2576928		3374
546		3102		2581647		3357
547		3066		2586367		3373
548		3058		2591086		3361
549		3111		2595806		3370
550		3117		2600526		3369
551		3157		2605246		3373
552		3170		2609966		3352
553		3148		2614685		3368
554		3172		2619405		3362
555		3177		2624125		3358
556		3171		2628845		3351
557		3124		2633565		3345
558		3129		2638285		3354
559		3127		2643005		3361
560		3116		2647725		3347
561		3115		2652445		3356
562		3091		2657164		3354
563		3088		2661884		3355
564		3117		2666604		3356
565		3151		2671322		3349
566		3133		2676042		3362
567		3135		2680762		3351
568		3152		2685482		3339
569		3131		2690202		3339
570		3116		2694922		3355
571		3114		2699642		3345
572		3133		2704361		3368
573		3085		2709080		3363
574		3066		2713800		3346
575		3104		2718520		3372
576		3103		2723240		3356
577		3117		2727960		3346
578		3121		2732680		3353
579		3118		2737400		3356
580		3081		2742120		3368
581		3082		2746840		3364
582		3089		2751560		3366
583		3074		2756280		3353
584		3070		2761000		3359
585		3129		2765720		3339
586		3070		2770440		3365
587		3095		2775159		3377
588		3103		2779879		3372
589		3124		2784599		3375
590		3135		2789319		3367
591		3131		2794038		3379
592		3129		2798758		3377
593		3126		2803477		3394
594		3133		2808197		3398
595		3086		2812917		3402
596		3087		2817634		3401
597		3032		2822354		3390
598		3077		2827074		3393
599		3064		2831792		3380
600		3063		2836512		3381
601		3093		2841232		3345
602		3052		2845952		3378
603		3023		2850671		3379
604		3039		2855391		3367
605		3015		2860110		3380
606		3053		2864829		3381
607		3066		2869548		3374
608		3125		2874268		3392
609		3122		2878988		3382
610		3130		2883708		3400
611		3104		2888428		3392
612		3073		2893148		3391
613		3070		2897868		3380
614		3062		2902588		3376
615		3085		2907308		3373
616		3099		2912027		3393
617		3072		2916746		3397
618		3068		2921464		3388
619		3072		2926184		3382
620		3075		2930903		3371
621		3102		2935623		3384
622		3092		2940343		3371
623		3089		2945063		3386
624		3061		2949782		3357
625		3074		2954501		3363
626		3053		2959220		3365
627		3080		2963939		3365
628		3072		2968659		3370
629		3026		2973379		3356
630		3065		2978099		3368
631		3043		2982818		3374
632		3104		2987538		3375
633		3051		2992258		3388
634		3053		2996978		3395
635		3052		3001696		3369
636		3045		3006416		3382
637		3023		3011136		3388
638		3034		3015856		3364
639		3042		3020576		3374
640		3075		3025293		3383
641		3053		3030012		3392
642		3048		3034731		3378
643		3071		3039450		3382
644		3092		3044170		3393
645		3069		3048889		3389
646		3119		3053609		3386
647		3047		3058329		3410
648		3029		3063049		3391
649		3077		3067769		3384
650		3016		3072489		3374
651		2979		3077209		3376
652		3040		3081929		3362
653		3032		3086649		3385
654		3007		3091369		3381
655		2980		3096088		3368
656		2996		3100807		3367
657		2961		3105527		3370
658		2977		3110247		3355
659		3001		3114966		3369
660		2987		3119685		3371
661		3010		3124404		3371
662		3041		3129123		3382
663		3040		3133843		3353
664		3036		3138563		3373
665		2998		3143283		3378
666		3066		3148003		3390
667		3005		3152723		3386
668		2981		3157443		3385
669		3008		3162163		3378
670		2980		3166882		3393
671		2994		3171601		3385
672		3002		3176321		3393
673		2994		3181040		3373
674		2973		3185759		3369
675		2967		3190479		3392
676		2947		3195199		3379
677		2952		3199917		3379
678		2939		3204637		3383
679		2975		3209357		3373
680		2980		3214077		3385
681		2978		3218797		3384
682		3012		3223516		3383
683		3009		3228236		3386
684		2998		3232955		3380
685		2983		3237675		3370
686		3033		3242395		3372
687		3045		3247114		3359
688		3075		3251833		3395
689		3034		3256553		3379
690		3026		3261273		3367
691		3021		3265992		3366
692		3016		3270712		3362
693		3023		3275432		3386
694		3002		3280151		3386
695		3024		3284869		3385
696		2973		3289589		3368
697		2973		3294309		3394
698		3006		3299028		3386
699		2994		3303748		3378
700		2974		3308467		3382
701		2946		3313187		3382
702		2989		3317906		3370
703		3021		3322625		3356
704		2977		3327344		3360
705		2960		3332064		3368
706		2969		3336784		3372
707		2987		3341504		3379
708		2982		3346223		3378
709		2980		3350942		3369
710		2964		3355662		3371
711		2996		3360382		3372
712		3063		3365101		3375
713		3054		3369821		3375
714		3045		3374541		3377
715		3054		3379261		3380
716		3059		3383981		3383
717		3036		3388701		3374
718		3013		3393421		3354
719		3012		3398140		3361
720		2994		3402860		3362
721		2966		3407578		3365
722		2972		3412297		3355
723		2993		3417016		3361
724		3008		3421736		3367
725		3021		3426456		3362
726		3001		3431176		3370
727		2997		3435896		3364
728		3036		3440616		3366
729		3052		3445336		3368
730		3015		3450056		3362
731		2988		3454776		3379
732		2998		3459496		3364
733		2992		3464216		3364
734		2989		3468936		3363
735		2994		3473654		3359
736		2960		3478373		3352
737		2949		3483093		3371
738		2964		3487811		3336
739		2954		3492531		3363
740		3030		3497250		3331
741		2993		3501968		3356
742		3013		3506688		3362
743		2997		3511408		3353
744		2984		3516128		3363
745		2993		3520846		3360
746		2971		3525564		3360
747		2984		3530284		3383
748		2939		3535004		3373
749		2975		3539723		3390
750		2952		3544442		3376
751		2963		3549162		3370
752		2961		3553882		3371
753		2973		3558602		3385
754		2997		3563322		3396
755		3007		3568042		3384
756		2963		3572762		3387
757		2966		3577482		3386
758		2938		3582202		3383
759		2985		3586922		3388
760		2960		3591642		3400
761		2945		3596362		3406
762		2929		3601082		3395
763		2958		3605801		3403
764		2969		3610520		3394
765		2956		3615238		3370
766		2958		3619958		3380
767		2937		3624678		3365
768		2926		3629398		3378
769		2941		3634117		3387
770		2966		3638837		3386
771		2967		3643557		3371
772		3009		3648277		3376
773		2981		3652997		3365
774		2980		3657717		3392
775		2997		3662436		3376
776		3002		3667156		3380
777		2984		3671875		3378
778		2983		3676595		3386
779		2956		3681314		3380
780		2933		3686034		3378
781		2931		3690754		3387
782		2905		3695474		3416
783		2907		3700193		3397
784		2908		3704913		3413
785		2912		3709632		3397
786		2948		3714352		3398
787		2968		3719071		3378
788		2961		3723791		3399
789		2979		3728511		3399
790		2933		3733231		3383
791		2954		3737949		3372
792		2988		3742667		3378
793		2917		3747386		3389
794		2931		3752106		3393
795		2989		3756826		3373
796		2970		3761546		3368
797		2979		3766266		3371
798		2983		3770986		3376
799		3004		3775704		3390
800		2950		3780424		3410
801		2979		3785144		3394
802		2998		3789864		3425
803		3020		3794583		3403
804		2977		3799302		3410
805		2984		3804021		3410
806		3012		3808740		3405
807		2984		3813460		3406
808		2994		3818179		3398
809		2997		3822898		3401
810		3003		3827617		3398
811		3015		3832337		3397
812		2988		3837056		3400
813		3010		3841775		3386
814		3011		3846495		3388
815		3025		3851215		3372
816		3031		3855935		3401
817		3044		3860655		3376
818		3009		3865374		3388
819		2963		3870092		3374
820		2984		3874811		3397
821		2987		3879529		3398
822		2970		3884249		3407
823		3008		3888969		3389
824		2957		3893689		3381
825		2961		3898408		3395
826		2955		3903126		3381
827		2957		3907846		3401
828		2939		3912565		3381
829		2961		3917285		3381
830		2944		3922005		3364
831		2930		3926721		3377
832		2955		3931440		3389
833		2939		3936160		3394
834		2942		3940878		3374
835		2955		3945597		3396
836		2926		3950317		3380
837		2963		3955037		3386
838		2944		3959756		3386
839		2907		3964476		3405
840		2917		3969196		3391
841		2906		3973916		3404
842		2957		3978636		3413
843		2914		3983355		3407
844		2930		3988074		3394
845		2942		3992794		3387
846		2942		3997512		3371
847		2922		4002232		3395
848		2895		4006952		3387
849		2923		4011672		3384
850		2904		4016392		3380
851		2873		4021112		3382
852		2866		4025832		3387
853		2881		4030552		3390
854		2888		4035271		3410
855		2891		4039991		3399
856		2890		4044711		3399
857		2893		4049431		3395
858		2903		4054151		3383
859		2916		4058870		3388
860		2902		4063589		3391
861		2877		4068308		3388
862		2856		4073026		3374
863		2872		4077746		3391
864		2887		4082466		3383
865		2878		4087186		3388
866		2911		4091906		3384
867		2910		4096626		3386
868		2919		4101346		3395
869		2897		4106066		3376
870		2914		4110786		3388
871		2948		4115506		3388
872		2934		4120226		3367
873		2979		4124944		3374
874		2969		4129664		3381
875		3002		4134384		3393
876		2948		4139102		3389
877		3015		4143821		3381
878		2973		4148540		3383
879		2968		4153260		3401
880		2961		4157979		3371
881		2941		4162699		3384
882		2931		4167419		3397
883		2955		4172139		3389
884		2914		4176859		3378
885		2911		4181578		3389
886		2888		4186297		3381
887		2862		4191017		3364
888		2861		4195737		3379
889		2889		4200457		3401
890		2883		4205177		3381
891		2933		4209896		3376
892		2932		4214616		3368
893		2908		4219336		3378
894		2883		4224056		3366
895		2875		4228776		3362
896		2859		4233496		3367
897		2859		4238216		3362
898		2897		4242935		3378
899		2874		4247655		3379
900		2853		4252375		3364
901		2867		4257095		3372
902		2879		4261814		3378
903		2875		4266533		3369
904		2882		4271253		3368
905		2880		4275973		3377
906		2867		4280693		3403
907		2852		4285413		3384
908		2882		4290133		3388
909		2904		4294853		3389
910		2846		4299573		3371
911		2839		4304293		3371
912		2842		4309012		3381
913		2874		4313732		3371
914		2891		4318452		3368
915		2903		4323172		3363
916		2909		4327891		3377
917		2902		4332609		3355
918		2960		4337328		3385
919		2948		4342048		3351
920		2864		4346768		3356
921		2854		4351487		3353
922		2890		4356207		3355
923		2893		4360926		3357
924		2887		4365646		3361
925		2917		4370365		3362
926		2956		4375085		3360
927		2981		4379805		3371
928		2966		4384525		3370
929		2988		4389245		3369
930		3014		4393965		3370
931		2989		4398685		3378
932		2978		4403405		3382
933		2951		4408125		3389
934		2959		4412845		3377
935		2934		4417564		3380
936		2908		4422284		3393
937		2868		4427004		3377
938		2872		4431723		3367
939		2915		4436443		3364
940		2902		4441163		3364
941		2878		4445882		3382
942		2869		4450600		3374
943		2835		4455319		3367
944		2807		4460038		3370
945		2823		4464758		3367
946		2836		4469477		3368
947		2849		4474197		3386
948		2835		4478917		3360
949		2827		4483637		3365
950		2818		4488357		3356
951		2820		4493077		3363
952		2823		4497797		3363
953		2860		4502517		3378
954		2855		4507237		3371
955		2822		4511955		3375
956		2854		4516674		3363
957		2872		4521393		3364
958		2855		4526113		3367
959		2856		4530833		3394
960		2810		4535553		3387
961		2847		4540272		3389
962		2833		4544988		3379
963		2834		4549708		3381
964		2826		4554427		3388
965		2830		4559146		3378
966		2829		4563866		3384
967		2816		4568586		3369
968		2816		4573306		3368
969		2780		4578026		3353
970		2781		4582745		3365
971		2766		4587465		3349
972		2793		4592185		3372
973		2804		4596905		3372
974		2777		4601625		3383
975		2791		4606345		3368
976		2767		4611065		3375
977		2763		4615785		3361
978		2788		4620505		3379
979		2759		4625225		3361
980		2787		4629945		3368
981		2804		4634665		3370
982		2810		4639385		3354
983		2810		4644105		3376
984		2826		4648824		3375
985		2789		4653542		3367
986		2814		4658262		3369
987		2756		4662982		3384
988		2754		4667702		3376
989		2761		4672422		3387
990		2805		4677142		3369
991		2802		4681862		3375
992		2812		4686582		3369
993		2826		4691302		3371
994		2833		4696022		3349
995		2788		4700742		3381
996		2770		4705462		3370
997		2791		4710182		3374
998		2783		4714902		3356
999		2775		4719622		3369
