# Migration is number of nodes that have changed color.

Round		Edge-Cut		Swaps		Migrations		Skipped
0		8957		4720		2997
1		8265		9440		3047
2		7700		14160		3131
3		7374		18880		3155
4		7063		23600		3174
5		6916		28320		3180
6		6670		33040		3237
7		6594		37760		3217
8		6507		42480		3217
9		6346		47200		3241
10		6166		51920		3200
11		6069		56640		3215
12		5938		61360		3224
13		5919		66080		3209
14		5883		70800		3211
15		5740		75520		3198
16		5593		80240		3189
17		5587		84960		3182
18		5519		89680		3211
19		5496		94399		3227
20		5361		99119		3211
21		5352		103839		3202
22		5308		108558		3247
23		5286		113278		3263
24		5283		117997		3231
25		5158		122717		3280
26		5149		127437		3249
27		5114		132157		3258
28		5117		136877		3272
29		5135		141597		3251
30		5082		146317		3274
31		5042		151037		3268
32		5009		155757		3305
33		5047		160477		3277
34		4959		165197		3280
35		4893		169916		3267
36		4919		174636		3243
37		4894		179356		3266
38		4880		184076		3243
39		4846		188796		3252
40		4796		193516		3257
41		4761		198236		3276
42		4743		202955		3279
43		4735		207674		3272
44		4716		212394		3275
45		4656		217114		3297
46		4736		221832		3305
47		4750		226552		3333
48		4730		231272		3297
49		4662		235992		3314
50		4685		240711		3284
51		4695		245431		3295
52		4652		250151		3289
53		4617		254869		3295
54		4618		259589		3314
55		4596		264309		3305
56		4634		269029		3322
57		4561		273749		3309
58		4518		278469		3319
59		4491		283189		3288
60		4516		287909		3284
61		4517		292628		3301
62		4560		297348		3305
63		4537		302068		3297
64		4529		306788		3286
65		4519		311508		3312
66		4514		316228		3300
67		4497		320948		3310
68		4534		325668		3303
69		4541		330387		3287
70		4491		335105		3317
71		4497		339825		3301
72		4514		344545		3299
73		4483		349263		3274
74		4491		353983		3305
75		4408		358703		3262
76		4460		363423		3289
77		4427		368143		3277
78		4483		372862		3278
79		4486		377582		3293
80		4490		382301		3297
81		4397		387021		3321
82		4397		391741		3299
83		4342		396461		3297
84		4349		401181		3311
85		4291		405900		3298
86		4330		410620		3288
87		4322		415340		3285
88		4215		420059		3317
89		4233		424779		3316
90		4208		429499		3310
91		4199		434219		3312
92		4270		438939		3298
93		4233		443659		3320
94		4211		448379		3303
95		4271		453099		3352
96		4265		457819		3338
97		4274		462538		3330
98		4192		467258		3337
99		4184		471978		3356
100		4198		476698		3364
101		4166		481416		3330
102		4200		486136		3344
103		4185		490855		3346
104		4163		495575		3319
105		4163		500295		3328
106		4161		505015		3346
107		4179		509734		3350
108		4154		514454		3325
109		4162		519174		3321
110		4114		523894		3345
111		4106		528614		3351
112		4150		533334		3323
113		4178		538053		3338
114		4119		542773		3364
115		4094		547493		3355
116		4104		552213		3343
117		4115		556933		3355
118		4102		561653		3363
119		4117		566373		3355
120		4057		571093		3344
121		4068		575813		3332
122		4074		580532		3364
123		4139		585252		3376
124		4153		589970		3364
125		4075		594690		3372
126		4061		599410		3374
127		4057		604130		3374
128		4007		608849		3348
129		4001		613569		3363
130		3997		618289		3346
131		3976		623009		3357
132		3960		627729		3350
133		3906		632449		3370
134		3916		637169		3364
135		3920		641888		3369
136		3952		646608		3385
137		3934		651326		3391
138		3961		656046		3369
139		3939		660766		3396
140		3918		665486		3377
141		3957		670205		3373
142		3932		674925		3373
143		3931		679644		3397
144		3912		684362		3377
145		3905		689082		3388
146		3940		693802		3371
147		3905		698521		3373
148		3900		703240		3348
149		3958		707960		3376
150		3928		712679		3370
151		3919		717398		3391
152		3885		722118		3375
153		3929		726838		3379
154		3914		731558		3370
155		3905		736276		3378
156		3929		740996		3364
157		3922		745716		3387
158		3915		750436		3356
159		3959		755155		3372
160		3923		759875		3365
161		3926		764595		3362
162		3888		769315		3375
163		3910		774034		3386
164		3926		778754		3377
165		3866		783474		3365
166		3849		788193		3358
167		3868		792913		3374
168		3898		797633		3344
169		3928		802351		3362
170		3933		807071		3374
171		3897		811789		3359
172		3944		816508		3382
173		3946		821228		3369
174		3916		825948		3371
175		3928		830667		3363
176		3891		835387		3384
177		3907		840107		3363
178		3889		844825		3382
179		3878		849545		3353
180		3871		854264		3355
181		3862		858984		3357
182		3831		863704		3358
183		3878		868423		3359
184		3798		873143		3383
185		3778		877863		3376
186		3767		882582		3382
187		3844		887302		3405
188		3825		892022		3392
189		3794		896742		3383
190		3777		901462		3388
191		3752		906182		3391
192		3783		910902		3379
193		3807		915622		3374
194		3765		920341		3350
195		3773		925061		3376
196		3755		929780		3381
197		3775		934500		3390
198		3783		939220		3394
199		3805		943936		3368
200		3852		948656		3366
201		3790		953376		3374
202		3767		958096		3360
203		3783		962816		3362
204		3684		967536		3374
205		3736		972255		3359
206		3756		976975		3368
207		3761		981695		3364
208		3715		986415		3385
209		3709		991135		3377
210		3767		995855		3404
211		3773		1000573		3406
212		3772		1005293		3403
213		3723		1010013		3388
214		3734		1014733		3401
215		3724		1019452		3396
216		3769		1024172		3414
217		3743		1028892		3404
218		3759		1033611		3392
219		3768		1038330		3376
220		3772		1043049		3383
221		3789		1047768		3391
222		3748		1052488		3384
223		3776		1057208		3382
224		3793		1061927		3400
225		3773		1066647		3372
226		3719		1071367		3368
227		3752		1076087		3376
228		3754		1080806		3380
229		3730		1085526		3393
230		3716		1090246		3357
231		3691		1094965		3352
232		3664		1099685		3369
233		3637		1104405		3371
234		3668		1109124		3373
235		3718		1113844		3406
236		3672		1118564		3394
237		3661		1123284		3403
238		3655		1128003		3369
239		3679		1132723		3381
240		3687		1137443		3397
241		3641		1142163		3383
242		3621		1146882		3395
243		3656		1151601		3391
244		3679		1156321		3384
245		3636		1161040		3391
246		3639		1165760		3373
247		3605		1170480		3378
248		3634		1175200		3386
249		3589		1179920		3384
250		3558		1184640		3373
251		3572		1189359		3403
252		3540		1194077		3389
253		3547		1198795		3393
254		3543		1203514		3371
255		3532		1208234		3378
256		3557		1212953		3379
257		3551		1217671		3367
258		3554		1222390		3376
259		3549		1227109		3378
260		3555		1231828		3383
261		3551		1236548		3380
262		3549		1241268		3375
263		3531		1245988		3377
264		3532		1250708		3367
265		3563		1255427		3380
266		3506		1260147		3371
267		3499		1264867		3383
268		3489		1269587		3396
269		3457		1274307		3393
270		3453		1279027		3395
271		3430		1283746		3391
272		3438		1288465		3377
273		3487		1293185		3386
274		3479		1297904		3371
275		3496		1302624		3389
276		3504		1307343		3399
277		3499		1312061		3388
278		3506		1316781		3389
279		3522		1321500		3375
280		3528		1326220		3376
281		3508		1330940		3384
282		3530		1335659		3373
283		3482		1340379		3370
284		3507		1345099		3372
285		3510		1349818		3370
286		3480		1354538		3361
287		3416		1359257		3369
288		3429		1363976		3365
289		3438		1368696		3378
290		3467		1373415		3373
291		3479		1378135		3386
292		3495		1382853		3361
293		3494		1387573		3365
294		3463		1392293		3366
295		3478		1397013		3371
296		3501		1401732		3369
297		3428		1406452		3386
298		3478		1411172		3381
299		3454		1415891		3387
300		3465		1420610		3399
301		3444		1425330		3391
302		3424		1430048		3378
303		3460		1434768		3400
304		3444		1439487		3394
305		3413		1444207		3369
306		3387		1448927		3391
307		3419		1453647		3380
308		3472		1458367		3383
309		3426		1463087		3379
310		3408		1467807		3389
311		3386		1472527		3377
312		3346		1477247		3362
313		3325		1481967		3361
314		3348		1486687		3375
315		3339		1491407		3371
316		3349		1496127		3368
317		3439		1500845		3372
318		3410		1505565		3373
319		3425		1510285		3370
320		3434		1515005		3351
321		3405		1519724		3354
322		3402		1524443		3378
323		3411		1529163		3391
324		3403		1533882		3362
325		3379		1538601		3357
326		3333		1543321		3372
327		3322		1548041		3367
328		3329		1552761		3374
329		3322		1557480		3365
330		3352		1562200		3365
331		3357		1566920		3390
332		3341		1571640		3387
333		3405		1576360		3384
334		3452		1581080		3376
335		3410		1585800		3406
336		3426		1590520		3388
337		3397		1595240		3381
338		3422		1599960		3388
339		3431		1604680		3376
340		3440		1609400		3381
341		3414		1614120		3375
342		3441		1618838		3380
343		3456		1623558		3376
344		3442		1628277		3376
345		3439		1632997		3380
346		3433		1637717		3388
347		3383		1642437		3378
348		3388		1647154		3374
349		3347		1651874		3356
350		3364		1656594		3385
351		3346		1661314		3387
352		3413		1666034		3386
353		3383		1670754		3388
354		3326		1675474		3401
355		3322		1680193		3375
356		3364		1684913		3375
357		3385		1689633		3380
358		3320		1694353		3380
359		3373		1699073		3379
360		3316		1703793		3375
361		3333		1708513		3378
362		3339		1713233		3386
363		3342		1717953		3384
364		3339		1722673		3405
365		3310		1727393		3377
366		3293		1732112		3382
367		3327		1736832		3372
368		3295		1741552		3380
369		3295		1746272		3380
370		3288		1750991		3385
371		3340		1755711		3378
372		3331		1760431		3377
373		3337		1765151		3381
374		3338		1769871		3378
375		3348		1774589		3385
376		3330		1779307		3388
377		3344		1784027		3393
378		3353		1788746		3385
379		3322		1793465		3394
380		3316		1798185		3392
381		3307		1802905		3407
382		3329		1807625		3376
383		3292		1812345		3371
384		3339		1817064		3392
385		3296		1821784		3388
386		3289		1826504		3373
387		3279		1831224		3363
388		3291		1835944		3360
389		3324		1840664		3370
390		3285		1845381		3362
391		3312		1850101		3358
392		3297		1854821		3383
393		3284		1859541		3379
394		3278		1864261		3379
395		3223		1868980		3382
396		3308		1873700		3379
397		3287		1878420		3365
398		3279		1883140		3356
399		3302		1887859		3362
400		3285		1892579		3353
401		3254		1897298		3363
402		3233		1902018		3370
403		3267		1906738		3377
404		3308		1911458		3391
405		3250		1916178		3392
406		3278		1920897		3387
407		3303		1925616		3389
408		3348		1930336		3397
409		3321		1935056		3374
410		3270		1939776		3387
411		3254		1944496		3383
412		3301		1949216		3396
413		3298		1953936		3394
414		3296		1958656		3391
415		3264		1963375		3394
416		3256		1968092		3409
417		3255		1972811		3395
418		3273		1977531		3406
419		3243		1982250		3386
420		3301		1986967		3403
421		3279		1991687		3400
422		3258		1996406		3383
423		3279		2001126		3402
424		3281		2005846		3400
425		3236		2010565		3410
426		3257		2015285		3395
427		3213		2020005		3391
428		3194		2024725		3400
429		3230		2029443		3392
430		3226		2034163		3385
431		3233		2038883		3402
432		3263		2043603		3414
433		3215		2048322		3398
434		3203		2053042		3388
435		3218		2057762		3392
436		3258		2062482		3403
437		3269		2067202		3402
438		3253		2071921		3404
439		3207		2076641		3399
440		3219		2081360		3389
441		3235		2086080		3405
442		3224		2090800		3399
443		3228		2095519		3391
444		3254		2100237		3393
445		3312		2104957		3397
446		3266		2109676		3397
447		3225		2114395		3398
448		3234		2119114		3389
449		3253		2123833		3385
450		3274		2128553		3377
451		3262		2133273		3389
452		3270		2137993		3399
453		3213		2142712		3384
454		3167		2147431		3412
455		3205		2152150		3396
456		3191		2156870		3403
457		3189		2161590		3382
458		3171		2166310		3389
459		3226		2171030		3382
460		3219		2175750		3373
461		3222		2180469		3393
462		3235		2185189		3366
463		3243		2189909		3372
464		3204		2194629		3376
465		3215		2199349		3398
466		3257		2204069		3394
467		3245		2208789		3382
468		3221		2213509		3383
469		3272		2218229		3377
470		3238		2222949		3371
471		3254		2227669		3392
472		3267		2232389		3370
473		3275		2237109		3387
474		3282		2241829		3402
475		3258		2246549		3397
476		3226		2251268		3399
477		3253		2255988		3379
478		3253		2260708		3377
479		3211		2265427		3372
480		3209		2270147		3367
481		3199		2274867		3375
482		3198		2279587		3380
483		3154		2284307		3379
484		3193		2289026		3373
485		3198		2293744		3375
486		3148		2298464		3385
487		3220		2303183		3382
488		3236		2307901		3380
489		3213		2312620		3399
490		3234		2317340		3384
491		3235		2322059		3382
492		3252		2326778		3374
493		3217		2331497		3376
494		3228		2336217		3398
495		3224		2340936		3396
496		3245		2345656		3413
497		3298		2350375		3435
498		3248		2355094		3406
499		3231		2359814		3392
500		3194		2364533		3380
501		3230		2369253		3405
502		3184		2373972		3397
503		3207		2378691		3396
504		3183		2383411		3396
505		3197		2388131		3389
506		3192		2392851		3401
507		3194		2397570		3417
508		3189		2402290		3400
509		3206		2407010		3393
510		3179		2411730		3388
511		3192		2416450		3397
512		3180		2421169		3410
513		3126		2425889		3386
514		3126		2430609		3392
515		3136		2435329		3396
516		3150		2440049		3400
517		3174		2444769		3386
518		3165		2449487		3400
519		3158		2454207		3409
520		3186		2458927		3415
521		3235		2463646		3404
522		3219		2468366		3407
523		3224		2473086		3410
524		3193		2477805		3397
525		3238		2482525		3423
526		3185		2487245		3396
527		3170		2491965		3394
528		3142		2496685		3406
529		3133		2501405		3393
530		3153		2506125		3416
531		3155		2510845		3383
532		3170		2515564		3392
533		3176		2520283		3402
534		3160		2525003		3404
535		3151		2529722		3417
536		3176		2534441		3413
537		3173		2539160		3425
538		3219		2543880		3399
539		3190		2548600		3406
540		3194		2553320		3404
541		3207		2558040		3409
542		3133		2562760		3413
543		3131		2567480		3416
544		3165		2572199		3431
545		3091		2576918		3427
546		3078		2581638		3405
547		3055		2586358		3413
548		3058		2591078		3415
549		3056		2595798		3404
550		3069		2600518		3412
551		3055		2605238		3410
552		3014		2609958		3391
553		3060		2614678		3405
554		3091		2619398		3405
555		3021		2624118		3414
556		3074		2628838		3394
557		3080		2633558		3397
558		3058		2638278		3400
559		3080		2642996		3394
560		3070		2647716		3398
561		3100		2652435		3403
562		3097		2657155		3398
563		3026		2661875		3386
564		3021		2666594		3404
565		3027		2671314		3399
566		3099		2676034		3397
567		3074		2680752		3395
568		3055		2685472		3401
569		3087		2690192		3414
570		3101		2694912		3399
571		3098		2699631		3412
572		3066		2704351		3405
573		3040		2709071		3418
574		3071		2713791		3413
575		3105		2718511		3422
576		3185		2723230		3438
577		3119		2727950		3409
578		3059		2732669		3413
579		3087		2737389		3398
580		3066		2742109		3404
581		3054		2746828		3413
582		3094		2751548		3407
583		3095		2756268		3406
584		3069		2760988		3399
585		3084		2765707		3401
586		3011		2770427		3386
587		3042		2775146		3385
588		3059		2779866		3383
589		3033		2784585		3397
590		3087		2789305		3373
591		3110		2794025		3392
592		3098		2798744		3401
593		3109		2803464		3393
594		3095		2808184		3384
595		3125		2812904		3408
596		3084		2817623		3390
597		3105		2822343		3398
598		3129		2827062		3403
599		3090		2831782		3426
600		3056		2836501		3418
601		3042		2841219		3409
602		3020		2845939		3422
603		3019		2850658		3426
604		3070		2855378		3406
605		3007		2860098		3424
606		2986		2864816		3411
607		3036		2869536		3410
608		3015		2874256		3407
609		3080		2878976		3420
610		3070		2883696		3425
611		3080		2888416		3407
612		3057		2893136		3401
613		3037		2897856		3426
614		3008		2902576		3428
615		3039		2907296		3442
616		3030		2912016		3432
617		3044		2916735		3446
618		2999		2921455		3436
619		3001		2926175		3427
620		3041		2930895		3422
621		3063		2935615		3427
622		3045		2940335		3415
623		3075		2945055		3399
624		3041		2949775		3420
625		3053		2954495		3405
626		3082		2959215		3432
627		3088		2963934		3418
628		3026		2968652		3424
629		3037		2973371		3423
630		3042		2978091		3397
631		3019		2982811		3414
632		2990		2987530		3417
633		2999		2992250		3392
634		3033		2996969		3400
635		2992		3001688		3434
636		2964		3006408		3428
637		2977		3011128		3431
638		2985		3015847		3438
639		3001		3020567		3431
640		2956		3025287		3418
641		2972		3030007		3433
642		2964		3034727		3428
643		2997		3039447		3432
644		3010		3044167		3421
645		3029		3048887		3431
646		2966		3053607		3427
647		2958		3058326		3436
648		3027		3063045		3431
649		2992		3067765		3429
650		2970		3072482		3429
651		2957		3077202		3427
652		2935		3081922		3426
653		2954		3086641		3414
654		2927		3091361		3420
655		2970		3096080		3437
656		2948		3100800		3427
657		2935		3105520		3438
658		2956		3110239		3408
659		2982		3114957		3404
660		2948		3119677		3410
661		2967		3124396		3412
662		2970		3129115		3415
663		2961		3133835		3409
664		2921		3138554		3406
665		2950		3143274		3410
666		2947		3147993		3402
667		2939		3152713		3406
668		2956		3157432		3413
669		2951		3162152		3421
670		2945		3166872		3423
671		2953		3171590		3433
672		2913		3176309		3422
673		2913		3181028		3426
674		2906		3185748		3421
675		2933		3190468		3413
676		2931		3195188		3421
677		2893		3199906		3446
678		2893		3204626		3450
679		2894		3209346		3440
680		2914		3214065		3450
681		2931		3218785		3457
682		2963		3223505		3440
683		2900		3228225		3443
684		2927		3232945		3421
685		2932		3237665		3428
686		2955		3242385		3432
687		2960		3247104		3432
688		2945		3251824		3423
689		2974		3256544		3422
690		2987		3261264		3419
691		2964		3265984		3420
692		2936		3270704		3425
693		2935		3275424		3440
694		2945		3280144		3435
695		2939		3284863		3433
696		2945		3289583		3422
697		2877		3294303		3433
698		2931		3299023		3430
699		2950		3303743		3448
700		2948		3308462		3429
701		2899		3313178		3432
702		2899		3317896		3434
703		2938		3322615		3443
704		2877		3327334		3438
705		2868		3332054		3429
706		2892		3336774		3432
707		2901		3341494		3449
708		2943		3346214		3445
709		2942		3350934		3426
710		2979		3355653		3420
711		2921		3360373		3438
712		2887		3365092		3438
713		2918		3369812		3438
714		2907		3374530		3460
715		2892		3379250		3438
716		2924		3383970		3446
717		2956		3388690		3440
718		2959		3393410		3441
719		2986		3398130		3436
720		2963		3402849		3445
721		2950		3407569		3433
722		2966		3412289		3416
723		2925		3417009		3450
724		2926		3421729		3427
725		2927		3426449		3437
726		2923		3431167		3440
727		2929		3435885		3454
728		2911		3440605		3438
729		2916		3445325		3419
730		2881		3450045		3451
731		2907		3454764		3453
732		2895		3459483		3445
733		2902		3464202		3461
734		2877		3468920		3451
735		2899		3473639		3441
736		2885		3478358		3445
737		2855		3483077		3431
738		2855		3487797		3425
739		2899		3492517		3429
740		2880		3497236		3443
741		2849		3501956		3431
742		2846		3506676		3434
743		2842		3511395		3431
744		2851		3516114		3432
745		2848		3520833		3432
746		2855		3525552		3428
747		2853		3530272		3407
748		2841		3534991		3430
749		2886		3539711		3431
750		2892		3544430		3435
751		2903		3549150		3432
752		2895		3553870		3436
753		2937		3558590		3430
754		2983		3563310		3428
755		2950		3568029		3431
756		2960		3572749		3439
757		2946		3577467		3440
758		2930		3582187		3438
759		2961		3586907		3419
760		2952		3591627		3427
761		2950		3596347		3401
762		2943		3601067		3418
763		2932		3605787		3426
764		2909		3610506		3438
765		2932		3615226		3450
766		2902		3619945		3434
767		2871		3624665		3438
768		2881		3629384		3440
769		2877		3634104		3437
770		2916		3638824		3439
771		2890		3643544		3432
772		2941		3648264		3428
773		2872		3652984		3427
774		2861		3657704		3424
775		2879		3662424		3421
776		2881		3667143		3433
777		2922		3671863		3436
778		2931		3676583		3419
779		2905		3681303		3433
780		2920		3686021		3427
781		2852		3690741		3443
782		2890		3695461		3406
783		2860		3700181		3416
784		2852		3704901		3429
785		2860		3709621		3423
786		2906		3714341		3426
787		2907		3719061		3415
788		2904		3723781		3425
789		2899		3728501		3417
790		2886		3733220		3416
791		2892		3737940		3424
792		2900		3742659		3425
793		2902		3747379		3430
794		2903		3752097		3420
795		2882		3756816		3432
796		2888		3761535		3432
797		2890		3766255		3425
798		2878		3770975		3426
799		2877		3775695		3419
800		2903		3780415		3418
801		2956		3785135		3412
802		2916		3789855		3420
803		2918		3794575		3441
804		2929		3799295		3437
805		2910		3804014		3449
806		2907		3808734		3423
807		2903		3813453		3425
808		2899		3818173		3437
809		2885		3822892		3445
810		2884		3827612		3442
811		2884		3832332		3416
812		2812		3837052		3432
813		2835		3841772		3445
814		2826		3846492		3435
815		2831		3851212		3427
816		2813		3855931		3427
817		2821		3860651		3442
818		2794		3865371		3431
819		2815		3870091		3424
820		2830		3874809		3435
821		2843		3879529		3436
822		2811		3884248		3438
823		2807		3888968		3437
824		2837		3893688		3428
825		2831		3898408		3440
826		2840		3903128		3449
827		2851		3907848		3431
828		2852		3912568		3441
829		2850		3917287		3446
830		2819		3922007		3454
831		2811		3926727		3461
832		2848		3931447		3450
833		2828		3936166		3431
834		2824		3940886		3442
835		2811		3945606		3437
836		2824		3950325		3437
837		2852		3955045		3429
838		2893		3959765		3443
839		2831		3964484		3437
840		2857		3969204		3449
841		2858		3973923		3442
842		2866		3978641		3435
843		2871		3983361		3453
844		2834		3988080		3451
845		2861		3992800		3451
846		2863		3997520		3434
847		2827		4002240		3451
848		2771		4006959		3454
849		2826		4011679		3431
850		2828		4016398		3441
851		2856		4021116		3433
852		2855		4025835		3445
853		2844		4030555		3429
854		2850		4035275		3436
855		2873		4039995		3427
856		2849		4044715		3414
857		2839		4049434		3434
858		2834		4054154		3424
859		2829		4058874		3445
860		2804		4063594		3443
861		2836		4068314		3448
862		2820		4073034		3447
863		2832		4077754		3436
864		2811		4082472		3446
865		2816		4087192		3458
866		2788		4091912		3445
867		2763		4096632		3434
868		2763		4101351		3456
869		2772		4106071		3436
870		2764		4110791		3469
871		2755		4115511		3455
872		2791		4120231		3453
873		2738		4124951		3442
874		2757		4129671		3443
875		2737		4134390		3464
876		2782		4139110		3451
877		2790		4143830		3443
878		2819		4148550		3443
879		2795		4153268		3435
880		2770		4157988		3446
881		2802		4162707		3442
882		2784		4167427		3452
883		2798		4172147		3452
884		2845		4176867		3437
885		2819		4181586		3438
886		2848		4186306		3435
887		2839		4191026		3458
888		2817		4195745		3443
889		2834		4200465		3453
890		2809		4205185		3460
891		2798		4209905		3438
892		2783		4214622		3453
893		2777		4219342		3457
894		2824		4224062		3454
895		2821		4228782		3442
896		2827		4233501		3449
897		2775		4238221		3439
898		2804		4242941		3431
899		2843		4247661		3437
900		2859		4252378		3427
901		2851		4257098		3444
902		2831		4261818		3430
903		2840		4266538		3437
904		2832		4271258		3431
905		2832		4275977		3433
906		2832		4280697		3439
907		2850		4285414		3451
908		2801		4290134		3433
909		2846		4294854		3440
910		2819		4299574		3441
911		2801		4304294		3446
912		2795		4309013		3452
913		2783		4313733		3447
914		2781		4318452		3454
915		2799		4323172		3432
916		2810		4327891		3448
917		2808		4332611		3457
918		2814		4337331		3438
919		2827		4342051		3443
920		2837		4346771		3448
921		2842		4351491		3446
922		2786		4356211		3456
923		2839		4360930		3431
924		2764		4365650		3451
925		2755		4370370		3459
926		2796		4375090		3449
927		2855		4379809		3459
928		2819		4384528		3462
929		2764		4389248		3453
930		2748		4393968		3440
931		2776		4398687		3452
932		2759		4403407		3456
933		2748		4408127		3450
934		2791		4412847		3453
935		2831		4417567		3448
936		2841		4422287		3439
937		2846		4427007		3449
938		2819		4431726		3453
939		2816		4436446		3451
940		2807		4441165		3443
941		2754		4445885		3451
942		2813		4450605		3440
943		2799		4455325		3449
944		2763		4460045		3435
945		2777		4464765		3440
946		2757		4469485		3442
947		2751		4474205		3458
948		2759		4478925		3446
949		2757		4483645		3448
950		2760		4488364		3448
951		2760		4493082		3439
952		2761		4497801		3442
953		2743		4502521		3460
954		2783		4507240		3442
955		2748		4511960		3461
956		2754		4516680		3453
957		2791		4521398		3469
958		2756		4526115		3446
959		2750		4530835		3443
960		2789		4535555		3441
961		2788		4540274		3453
962		2745		4544993		3462
963		2797		4549713		3439
964		2758		4554432		3443
965		2790		4559151		3425
966		2819		4563870		3453
967		2815		4568590		3439
968		2792		4573310		3459
969		2813		4578029		3441
970		2800		4582749		3462
971		2775		4587469		3456
972		2817		4592188		3467
973		2794		4596908		3449
974		2801		4601626		3451
975		2785		4606344		3446
976		2770		4611062		3449
977		2748		4615782		3462
978		2762		4620502		3456
979		2769		4625222		3457
980		2733		4629942		3459
981		2738		4634662		3458
982		2745		4639382		3466
983		2739		4644102		3449
984		2755		4648822		3456
985		2734		4653541		3479
986		2744		4658261		3444
987		2753		4662981		3445
988		2731		4667700		3457
989		2738		4672420		3459
990		2735		4677140		3473
991		2754		4681858		3469
992		2763		4686578		3479
993		2748		4691298		3481
994		2744		4696017		3472
995		2747		4700737		3469
996		2739		4705457		3466
997		2706		4710177		3490
998		2715		4714896		3476
999		2731		4719615		3473
