# Migration is number of nodes that have changed color.

Round		Edge-Cut		Swaps		Migrations		Skipped
0		8745		4719		3006
1		8054		9439		2997
2		7450		14159		3066
3		7106		18878		3052
4		6813		23594		3078
5		6501		28311		3047
6		6257		33027		3084
7		6151		37743		3077
8		5972		42461		3091
9		5865		47179		3095
10		5779		51896		3118
11		5658		56612		3115
12		5615		61326		3129
13		5438		66043		3107
14		5362		70761		3102
15		5333		75475		3113
16		5319		80188		3122
17		5251		84906		3124
18		5218		89622		3097
19		5193		94340		3111
20		5225		99051		3139
21		5188		103766		3160
22		5109		108484		3157
23		5039		113200		3153
24		5010		117913		3165
25		4959		122628		3161
26		4875		127341		3159
27		4867		132058		3164
28		4851		136775		3188
29		4788		141489		3210
30		4814		146202		3186
31		4730		150918		3220
32		4693		155632		3186
33		4643		160346		3177
34		4606		165064		3223
35		4608		169778		3185
36		4625		174491		3190
37		4561		179206		3159
38		4513		183922		3175
39		4554		188636		3164
40		4503		193351		3181
41		4433		198069		3203
42		4456		202786		3214
43		4467		207501		3202
44		4447		212210		3229
45		4405		216928		3221
46		4411		221638		3225
47		4432		226354		3220
48		4410		231068		3229
49		4447		235786		3212
50		4406		240500		3213
51		4384		245210		3201
52		4326		249927		3210
53		4271		254643		3203
54		4275		259356		3237
55		4252		264072		3200
56		4259		268786		3205
57		4285		273500		3224
58		4266		278215		3200
59		4275		282929		3208
60		4232		287644		3204
61		4176		292359		3203
62		4145		297071		3197
63		4126		301789		3194
64		4109		306504		3195
65		4096		311216		3210
66		4101		315929		3214
67		4095		320644		3222
68		4113		325360		3208
69		4108		330073		3207
70		4075		334788		3222
71		4031		339503		3226
72		4017		344219		3214
73		4027		348934		3204
74		4006		353649		3199
75		3981		358366		3223
76		3983		363083		3235
77		4008		367796		3238
78		4002		372514		3249
79		4014		377226		3232
80		4018		381938		3223
81		4015		386655		3225
82		3996		391373		3226
83		3967		396086		3230
84		3970		400799		3207
85		3961		405514		3243
86		3975		410228		3244
87		3958		414947		3235
88		3899		419662		3220
89		3913		424377		3214
90		3902		429086		3225
91		3893		433801		3226
92		3846		438513		3209
93		3862		443226		3228
94		3852		447942		3220
95		3810		452659		3230
96		3805		457377		3219
97		3846		462093		3217
98		3828		466803		3226
99		3814		471518		3239
100		3829		476234		3235
101		3818		480947		3216
102		3839		485659		3230
103		3826		490374		3240
104		3848		495088		3249
105		3861		499801		3230
106		3799		504517		3225
107		3761		509232		3212
108		3761		513949		3241
109		3756		518662		3242
110		3766		523378		3255
111		3769		528091		3241
112		3772		532807		3228
113		3783		537519		3239
114		3732		542237		3246
115		3757		546953		3236
116		3779		551668		3248
117		3764		556383		3224
118		3727		561097		3227
119		3738		565811		3254
120		3735		570526		3258
121		3740		575242		3255
122		3736		579956		3250
123		3744		584673		3251
124		3759		589390		3261
125		3743		594105		3250
126		3741		598825		3260
127		3752		603538		3251
128		3729		608254		3260
129		3728		612972		3262
130		3701		617689		3271
131		3729		622402		3255
132		3743		627118		3285
133		3720		631828		3260
134		3716		636545		3271
135		3709		641258		3277
136		3686		645976		3289
137		3668		650692		3283
138		3710		655410		3270
139		3702		660129		3278
140		3684		664846		3280
141		3669		669560		3279
142		3664		674273		3277
143		3685		678988		3268
144		3677		683700		3268
145		3667		688418		3263
146		3633		693136		3271
147		3619		697850		3282
148		3623		702563		3252
149		3637		707277		3248
150		3644		711991		3243
151		3643		716703		3246
152		3653		721421		3258
153		3640		726132		3278
154		3624		730844		3267
155		3596		735560		3257
156		3604		740276		3274
157		3610		744991		3263
158		3623		749707		3257
159		3589		754420		3263
160		3594		759136		3253
161		3584		763852		3256
162		3573		768569		3254
163		3606		773285		3267
164		3589		777998		3259
165		3609		782716		3262
166		3608		787432		3273
167		3599		792148		3272
168		3534		796861		3280
169		3542		801575		3276
170		3561		806288		3285
171		3567		811003		3281
172		3565		815721		3281
173		3566		820437		3296
174		3549		825150		3289
175		3540		829866		3274
176		3551		834580		3288
177		3539		839296		3278
178		3530		844009		3275
179		3527		848725		3272
180		3520		853442		3263
181		3505		858155		3255
182		3515		862868		3278
183		3527		867586		3278
184		3497		872303		3270
185		3500		877020		3279
186		3499		881735		3287
187		3474		886450		3278
188		3485		891165		3273
189		3464		895882		3272
190		3509		900598		3281
191		3497		905315		3276
192		3493		910033		3286
193		3497		914748		3293
194		3476		919467		3284
195		3460		924179		3278
196		3475		928895		3272
197		3437		933612		3286
198		3443		938325		3290
199		3440		943042		3287
200		3469		947758		3271
201		3444		952476		3288
202		3461		957190		3289
203		3470		961904		3294
204		3455		966617		3296
205		3447		971334		3298
206		3458		976050		3291
207		3452		980768		3284
208		3427		985480		3297
209		3432		990196		3303
210		3438		994912		3286
211		3450		999628		3308
212		3446		1004341		3280
213		3454		1009060		3286
214		3401		1013776		3281
215		3406		1018493		3296
216		3403		1023203		3297
217		3395		1027919		3291
218		3410		1032633		3272
219		3355		1037352		3275
220		3362		1042068		3273
221		3354		1046784		3278
222		3364		1051495		3283
223		3355		1056210		3285
224		3347		1060925		3284
225		3382		1065638		3289
226		3343		1070356		3289
227		3378		1075070		3286
228		3364		1079786		3288
229		3354		1084501		3290
230		3366		1089219		3272
231		3344		1093934		3297
232		3331		1098650		3279
233		3350		1103363		3287
234		3354		1108079		3286
235		3336		1112795		3284
236		3337		1117510		3294
237		3331		1122226		3293
238		3332		1126942		3309
239		3332		1131660		3293
240		3309		1136377		3303
241		3285		1141091		3294
242		3303		1145806		3290
243		3286		1150518		3282
244		3289		1155236		3297
245		3303		1159950		3285
246		3302		1164666		3294
247		3311		1169386		3281
248		3285		1174105		3292
249		3296		1178817		3298
250		3312		1183533		3281
251		3327		1188249		3302
252		3333		1192963		3287
253		3328		1197676		3294
254		3344		1202391		3286
255		3345		1207106		3277
256		3349		1211821		3288
257		3317		1216537		3297
258		3311		1221255		3300
259		3308		1225964		3281
260		3293		1230679		3303
261		3276		1235394		3292
262		3323		1240112		3307
263		3313		1244828		3303
264		3347		1249542		3304
265		3333		1254260		3298
266		3311		1258975		3327
267		3326		1263687		3301
268		3316		1268400		3297
269		3315		1273116		3299
270		3323		1277832		3307
271		3319		1282549		3294
272		3300		1287266		3299
273		3294		1291982		3288
274		3289		1296697		3299
275		3279		1301411		3292
276		3283		1306123		3284
277		3292		1310842		3313
278		3299		1315557		3304
279		3272		1320273		3309
280		3234		1324989		3307
281		3238		1329704		3300
282		3234		1334423		3298
283		3241		1339141		3321
284		3239		1343859		3304
285		3239		1348573		3314
286		3235		1353290		3305
287		3236		1358010		3321
288		3210		1362725		3315
289		3215		1367443		3303
290		3228		1372161		3335
291		3242		1376875		3322
292		3214		1381590		3318
293		3237		1386304		3308
294		3188		1391019		3313
295		3199		1395738		3312
296		3161		1400455		3310
297		3153		1405171		3314
298		3146		1409887		3308
299		3144		1414604		3308
300		3141		1419322		3295
301		3141		1424040		3302
302		3123		1428757		3322
303		3106		1433472		3318
304		3125		1438188		3327
305		3101		1442903		3308
306		3102		1447619		3310
307		3133		1452337		3313
308		3085		1457053		3316
309		3075		1461771		3335
310		3095		1466486		3329
311		3094		1471201		3302
312		3112		1475918		3302
313		3108		1480632		3312
314		3080		1485346		3312
315		3084		1490052		3320
316		3095		1494768		3310
317		3100		1499486		3313
318		3096		1504204		3322
319		3097		1508921		3332
320		3095		1513638		3330
321		3090		1518351		3309
322		3092		1523066		3332
323		3104		1527782		3340
324		3098		1532498		3326
325		3096		1537212		3312
326		3111		1541931		3350
327		3121		1546649		3338
328		3088		1551367		3327
329		3083		1556084		3343
330		3086		1560801		3310
331		3086		1565516		3312
332		3075		1570228		3317
333		3090		1574946		3323
334		3061		1579661		3314
335		3048		1584374		3314
336		3104		1589092		3315
337		3125		1593811		3316
338		3083		1598523		3308
339		3085		1603240		3303
340		3069		1607955		3314
341		3108		1612667		3310
342		3097		1617385		3308
343		3082		1622102		3316
344		3119		1626818		3307
345		3103		1631537		3310
346		3090		1636251		3302
347		3112		1640967		3312
348		3081		1645685		3317
349		3079		1650403		3314
350		3055		1655120		3312
351		3077		1659837		3307
352		3098		1664554		3310
353		3091		1669271		3320
354		3083		1673988		3305
355		3073		1678706		3306
356		3044		1683422		3314
357		3068		1688138		3306
358		3058		1692853		3304
359		3079		1697571		3314
360		3049		1702284		3311
361		3063		1707001		3307
362		3057		1711717		3307
363		3032		1716433		3303
364		3040		1721150		3303
365		3044		1725862		3308
366		3030		1730580		3309
367		3042		1735297		3323
368		3063		1740015		3330
369		3067		1744731		3332
370		3053		1749445		3327
371		3028		1754156		3318
372		3023		1758871		3303
373		3020		1763586		3316
374		3040		1768301		3314
375		3011		1773018		3335
376		3035		1777731		3332
377		3041		1782447		3327
378		3024		1787165		3321
379		3025		1791883		3329
380		3039		1796596		3318
381		3029		1801311		3305
382		3038		1806027		3311
383		3062		1810743		3313
384		3024		1815455		3322
385		3019		1820170		3323
386		3003		1824886		3320
387		3020		1829600		3325
388		3002		1834314		3331
389		3012		1839032		3340
390		3007		1843748		3340
391		3006		1848465		3323
392		2994		1853182		3336
393		3008		1857900		3336
394		3003		1862617		3322
395		3007		1867331		3320
396		3032		1872048		3320
397		3004		1876767		3332
398		3041		1881482		3315
399		3037		1886196		3327
400		3013		1890914		3331
401		3006		1895631		3320
402		2994		1900346		3320
403		2975		1905061		3317
404		2970		1909779		3318
405		2996		1914493		3333
406		2994		1919206		3334
407		2986		1923921		3326
408		2995		1928641		3319
409		2982		1933359		3329
410		2982		1938079		3327
411		2990		1942795		3335
412		2979		1947511		3305
413		2982		1952227		3328
414		2956		1956943		3318
415		2935		1961660		3330
416		2942		1966376		3328
417		2954		1971094		3329
418		2934		1975812		3341
419		2923		1980531		3340
420		2933		1985251		3331
421		2942		1989968		3327
422		2956		1994682		3336
423		2962		1999395		3325
424		2951		2004111		3327
425		2946		2008825		3334
426		2944		2013539		3336
427		2939		2018256		3345
428		2946		2022972		3335
429		2929		2027686		3326
430		2917		2032404		3332
431		2910		2037120		3329
432		2919		2041839		3340
433		2917		2046556		3333
434		2929		2051273		3335
435		2939		2055989		3336
436		2938		2060702		3338
437		2905		2065420		3323
438		2907		2070135		3315
439		2916		2074850		3333
440		2892		2079566		3332
441		2894		2084283		3325
442		2893		2088999		3331
443		2915		2093716		3341
444		2899		2098435		3333
445		2877		2103152		3325
446		2894		2107868		3329
447		2889		2112581		3332
448		2889		2117299		3328
449		2886		2122017		3328
450		2913		2126733		3329
451		2866		2131451		3329
452		2878		2136166		3316
453		2885		2140881		3338
454		2898		2145593		3336
455		2901		2150311		3334
456		2868		2155028		3331
457		2862		2159747		3334
458		2860		2164460		3330
459		2864		2169174		3338
460		2882		2173890		3332
461		2852		2178606		3338
462		2871		2183323		3334
463		2848		2188039		3336
464		2868		2192757		3338
465		2877		2197474		3337
466		2896		2202194		3345
467		2884		2206910		3344
468		2863		2211625		3344
469		2898		2216340		3341
470		2882		2221056		3335
471		2878		2225772		3331
472		2863		2230487		3355
473		2861		2235202		3341
474		2874		2239919		3339
475		2879		2244638		3339
476		2874		2249354		3348
477		2852		2254068		3342
478		2884		2258785		3353
479		2852		2263504		3351
480		2875		2268221		3349
481		2866		2272937		3348
482		2881		2277655		3339
483		2857		2282372		3341
484		2848		2287088		3336
485		2865		2291807		3329
486		2848		2296523		3357
487		2876		2301238		3343
488		2866		2305953		3343
489		2866		2310666		3348
490		2864		2315381		3349
491		2870		2320099		3357
492		2842		2324815		3366
493		2823		2329530		3358
494		2823		2334243		3353
495		2829		2338960		3347
496		2838		2343677		3349
497		2845		2348395		3357
498		2851		2353110		3350
499		2825		2357827		3356
500		2812		2362544		3355
501		2818		2367258		3356
502		2835		2371975		3351
503		2852		2376693		3345
504		2846		2381407		3350
505		2822		2386123		3358
506		2819		2390838		3348
507		2813		2395556		3359
508		2819		2400273		3364
509		2817		2404992		3356
510		2829		2409710		3365
511		2829		2414427		3357
512		2809		2419144		3365
513		2805		2423860		3359
514		2814		2428578		3349
515		2799		2433296		3351
516		2787		2438012		3352
517		2797		2442727		3350
518		2779		2447443		3333
519		2808		2452161		3354
520		2802		2456880		3351
521		2793		2461598		3366
522		2773		2466313		3346
523		2753		2471030		3332
524		2748		2475744		3349
525		2763		2480456		3352
526		2764		2485174		3355
527		2771		2489893		3365
528		2773		2494612		3361
529		2764		2499327		3357
530		2759		2504043		3354
531		2766		2508759		3351
532		2767		2513477		3356
533		2756		2518195		3361
534		2767		2522915		3362
535		2736		2527628		3348
536		2748		2532344		3346
537		2761		2537059		3356
538		2777		2541776		3348
539		2786		2546494		3356
540		2763		2551207		3341
541		2757		2555926		3349
542		2744		2560642		3338
543		2753		2565361		3336
544		2764		2570078		3321
545		2739		2574794		3315
546		2738		2579512		3332
547		2758		2584227		3333
548		2762		2588944		3341
549		2787		2593660		3335
550		2780		2598379		3351
551		2773		2603096		3351
552		2770		2607813		3341
553		2776		2612530		3350
554		2755		2617248		3338
555		2751		2621963		3329
556		2724		2626682		3340
557		2736		2631401		3335
558		2749		2636117		3343
559		2741		2640833		3343
560		2766		2645545		3336
561		2780		2650261		3333
562		2779		2654976		3336
563		2752		2659696		3343
564		2759		2664414		3327
565		2792		2669130		3342
566		2783		2673846		3337
567		2765		2678563		3341
568		2750		2683280		3340
569		2745		2687999		3333
570		2726		2692716		3337
571		2747		2697433		3335
572		2745		2702149		3324
573		2730		2706868		3336
574		2714		2711582		3347
575		2704		2716297		3349
576		2724		2721012		3343
577		2708		2725728		3333
578		2730		2730443		3343
579		2749		2735161		3347
580		2734		2739879		3355
581		2737		2744594		3339
582		2733		2749311		3347
583		2730		2754024		3332
584		2736		2758742		3337
585		2780		2763458		3351
586		2777		2768174		3334
587		2731		2772890		3341
588		2752		2777607		3348
589		2743		2782322		3346
590		2745		2787040		3348
591		2756		2791757		3327
592		2746		2796475		3336
593		2726		2801191		3331
594		2733		2805908		3344
595		2728		2810626		3350
596		2724		2815342		3339
597		2716		2820058		3348
598		2716		2824776		3331
599		2715		2829493		3319
600		2701		2834209		3333
601		2687		2838925		3343
602		2704		2843643		3344
603		2687		2848359		3333
604		2706		2853073		3332
605		2705		2857792		3315
606		2728		2862509		3323
607		2734		2867227		3334
608		2710		2871943		3333
609		2697		2876659		3329
610		2691		2881376		3328
611		2701		2886086		3327
612		2708		2890804		3319
613		2692		2895521		3332
614		2692		2900231		3326
615		2694		2904948		3336
616		2696		2909663		3336
617		2698		2914377		3335
618		2706		2919095		3338
619		2694		2923814		3347
620		2676		2928532		3340
621		2686		2933251		3343
622		2716		2937966		3331
623		2717		2942679		3333
624		2690		2947394		3329
625		2708		2952112		3341
626		2693		2956829		3325
627		2697		2961544		3317
628		2697		2966262		3321
629		2689		2970980		3327
630		2661		2975698		3329
631		2657		2980415		3317
632		2665		2985131		3312
633		2669		2989848		3309
634		2655		2994564		3328
635		2660		2999281		3315
636		2657		3003999		3317
637		2677		3008719		3330
638		2653		3013436		3334
639		2656		3018154		3346
640		2646		3022867		3343
641		2644		3027584		3336
642		2647		3032303		3341
643		2657		3037016		3340
644		2653		3041732		3336
645		2665		3046451		3335
646		2663		3051168		3346
647		2687		3055884		3345
648		2696		3060601		3343
649		2666		3065316		3332
650		2707		3070031		3325
651		2702		3074747		3337
652		2664		3079464		3329
653		2645		3084180		3328
654		2642		3088897		3334
655		2642		3093609		3331
656		2649		3098325		3335
657		2670		3103044		3316
658		2667		3107762		3337
659		2676		3112479		3339
660		2665		3117195		3341
661		2660		3121911		3348
662		2669		3126627		3345
663		2680		3131345		3347
664		2652		3136062		3342
665		2639		3140778		3345
666		2659		3145497		3354
667		2682		3150214		3347
668		2678		3154932		3338
669		2684		3159650		3338
670		2673		3164366		3345
671		2661		3169082		3332
672		2638		3173799		3328
673		2635		3178513		3334
674		2665		3183232		3340
675		2644		3187946		3348
676		2675		3192663		3343
677		2672		3197379		3343
678		2651		3202091		3336
679		2652		3206809		3328
680		2641		3211528		3341
681		2634		3216245		3339
682		2653		3220965		3336
683		2635		3225676		3348
684		2620		3230392		3352
685		2639		3235109		3345
686		2641		3239827		3350
687		2620		3244543		3344
688		2628		3249261		3342
689		2622		3253981		3347
690		2624		3258697		3345
691		2600		3263415		3347
692		2611		3268133		3339
693		2605		3272851		3335
694		2586		3277569		3345
695		2589		3282286		3351
696		2569		3287006		3344
697		2594		3291725		3342
698		2601		3296441		3348
699		2586		3301158		3357
700		2585		3305874		3357
701		2598		3310591		3350
702		2589		3315307		3344
703		2601		3320022		3343
704		2581		3324739		3348
705		2613		3329457		3348
706		2587		3334176		3348
707		2588		3338892		3350
708		2590		3343608		3353
709		2577		3348324		3357
710		2574		3353042		3360
711		2561		3357759		3349
712		2559		3362477		3344
713		2542		3367194		3344
714		2576		3371913		3333
715		2596		3376630		3342
716		2582		3381345		3338
717		2576		3386060		3348
718		2588		3390776		3344
719		2578		3395490		3337
720		2571		3400206		3339
721		2573		3404923		3340
722		2572		3409643		3331
723		2589		3414362		3332
724		2585		3419079		3329
725		2574		3423796		3338
726		2573		3428513		3342
727		2569		3433230		3353
728		2574		3437948		3348
729		2555		3442666		3338
730		2574		3447381		3323
731		2589		3452099		3344
732		2575		3456813		3342
733		2569		3461533		3343
734		2556		3466244		3342
735		2587		3470960		3344
736		2589		3475676		3340
737		2572		3480395		3347
738		2572		3485113		3344
739		2574		3489829		3348
740		2562		3494549		3336
741		2548		3499268		3348
742		2548		3503985		3369
743		2540		3508702		3351
744		2579		3513418		3354
745		2571		3518134		3362
746		2553		3522849		3354
747		2554		3527566		3351
748		2554		3532281		3346
749		2561		3536998		3345
750		2567		3541714		3353
751		2569		3546429		3355
752		2554		3551146		3356
753		2545		3555862		3361
754		2529		3560582		3360
755		2553		3565302		3356
756		2564		3570017		3358
757		2549		3574730		3348
758		2538		3579447		3353
759		2538		3584165		3347
760		2523		3588882		3348
761		2549		3593597		3344
762		2542		3598316		3347
763		2528		3603033		3344
764		2520		3607748		3354
765		2528		3612464		3368
766		2532		3617180		3357
767		2535		3621899		3358
768		2546		3626614		3354
769		2574		3631328		3354
770		2545		3636044		3349
771		2534		3640760		3349
772		2550		3645479		3348
773		2523		3650196		3357
774		2517		3654913		3351
775		2528		3659629		3344
776		2534		3664345		3336
777		2523		3669062		3338
778		2514		3673780		3345
779		2517		3678498		3349
780		2510		3683215		3344
781		2511		3687929		3346
782		2545		3692647		3347
783		2516		3697359		3344
784		2527		3702078		3354
785		2511		3706793		3356
786		2497		3711512		3349
787		2496		3716225		3347
788		2478		3720938		3340
789		2481		3725654		3341
790		2495		3730371		3337
791		2486		3735088		3352
792		2478		3739806		3343
793		2478		3744522		3341
794		2500		3749237		3346
795		2486		3753951		3356
796		2501		3758667		3351
797		2508		3763386		3350
798		2492		3768102		3336
799		2512		3772819		3339
800		2509		3777535		3346
801		2527		3782252		3353
802		2524		3786970		3349
803		2530		3791688		3345
804		2522		3796402		3335
805		2520		3801117		3327
806		2530		3805834		3341
807		2550		3810551		3337
808		2535		3815267		3354
809		2544		3819982		3355
810		2538		3824701		3358
811		2521		3829419		3350
812		2517		3834135		3353
813		2528		3838852		3354
814		2520		3843568		3357
815		2517		3848285		3348
816		2532		3853004		3354
817		2545		3857721		3352
818		2550		3862437		3345
819		2518		3867152		3336
820		2526		3871866		3333
821		2523		3876582		3335
822		2527		3881301		3338
823		2529		3886016		3344
824		2511		3890733		3347
825		2508		3895450		3344
826		2527		3900168		3345
827		2530		3904883		3351
828		2544		3909599		3347
829		2525		3914319		3351
830		2550		3919039		3344
831		2541		3923757		3341
832		2545		3928472		3331
833		2516		3933191		3330
834		2528		3937910		3332
835		2502		3942628		3321
836		2499		3947343		3335
837		2511		3952063		3328
838		2535		3956781		3337
839		2532		3961496		3323
840		2527		3966211		3334
841		2495		3970928		3326
842		2500		3975647		3327
843		2493		3980361		3319
844		2499		3985077		3340
845		2512		3989793		3345
846		2478		3994509		3344
847		2489		3999227		3334
848		2485		4003946		3337
849		2493		4008662		3344
850		2499		4013380		3344
851		2495		4018098		3343
852		2506		4022814		3337
853		2499		4027531		3347
854		2485		4032250		3346
855		2505		4036969		3352
856		2507		4041685		3352
857		2510		4046400		3343
858		2494		4051116		3348
859		2505		4055833		3345
860		2495		4060551		3337
861		2524		4065269		3344
862		2532		4069985		3350
863		2553		4074702		3336
864		2531		4079415		3333
865		2534		4084133		3332
866		2522		4088851		3346
867		2503		4093568		3342
868		2490		4098284		3354
869		2478		4103002		3339
870		2471		4107719		3345
871		2480		4112437		3340
872		2506		4117154		3340
873		2494		4121872		3346
874		2456		4126586		3339
875		2467		4131304		3344
876		2494		4136021		3345
877		2485		4140737		3343
878		2473		4145451		3341
879		2490		4150168		3328
880		2497		4154883		3342
881		2463		4159601		3342
882		2473		4164321		3344
883		2469		4169040		3340
884		2489		4173760		3349
885		2498		4178477		3333
886		2478		4183191		3350
887		2474		4187908		3347
888		2491		4192626		3348
889		2502		4197345		3340
890		2491		4202061		3344
891		2486		4206780		3348
892		2484		4211494		3344
893		2475		4216212		3333
894		2479		4220925		3329
895		2489		4225640		3339
896		2482		4230358		3336
897		2476		4235073		3333
898		2461		4239789		3340
899		2490		4244507		3337
900		2488		4249226		3332
901		2478		4253944		3337
902		2486		4258659		3334
903		2481		4263377		3332
904		2504		4268096		3339
905		2471		4272813		3341
906		2491		4277531		3338
907		2473		4282250		3338
908		2482		4286965		3350
909		2476		4291685		3339
910		2474		4296400		3342
911		2463		4301118		3333
912		2466		4305836		3327
913		2452		4310553		3343
914		2465		4315272		3342
915		2461		4319990		3335
916		2481		4324704		3357
917		2460		4329423		3350
918		2473		4334139		3339
919		2472		4338858		3344
920		2473		4343575		3338
921		2475		4348295		3349
922		2487		4353012		3349
923		2470		4357731		3353
924		2466		4362447		3346
925		2480		4367162		3357
926		2471		4371877		3343
927		2466		4376595		3355
928		2449		4381314		3347
929		2445		4386033		3345
930		2452		4390747		3353
931		2463		4395463		3354
932		2471		4400179		3343
933		2483		4404894		3349
934		2492		4409612		3353
935		2481		4414331		3347
936		2467		4419049		3333
937		2454		4423766		3343
938		2469		4428484		3353
939		2479		4433202		3352
940		2451		4437921		3365
941		2461		4442638		3344
942		2427		4447357		3342
943		2439		4452077		3352
944		2461		4456795		3350
945		2452		4461512		3351
946		2471		4466232		3358
947		2461		4470946		3361
948		2463		4475659		3347
949		2458		4480375		3354
950		2442		4485093		3358
951		2459		4489812		3351
952		2447		4494529		3348
953		2468		4499245		3357
954		2460		4503963		3339
955		2474		4508679		3359
956		2472		4513398		3338
957		2458		4518115		3344
958		2456		4522834		3339
959		2455		4527552		3359
960		2434		4532267		3355
961		2449		4536985		3359
962		2441		4541699		3343
963		2433		4546417		3352
964		2427		4551133		3355
965		2427		4555849		3353
966		2448		4560567		3364
967		2429		4565286		3351
968		2447		4570002		3355
969		2442		4574719		3355
970		2440		4579432		3354
971		2436		4584149		3361
972		2456		4588866		3361
973		2456		4593585		3359
974		2431		4598304		3361
975		2441		4603020		3360
976		2444		4607739		3352
977		2424		4612454		3340
978		2435		4617173		3349
979		2407		4621891		3353
980		2423		4626608		3353
981		2431		4631327		3364
982		2437		4636046		3355
983		2435		4640763		3353
984		2421		4645480		3350
985		2430		4650199		3362
986		2409		4654916		3341
987		2408		4659630		3346
988		2401		4664344		3346
989		2401		4669061		3347
990		2390		4673776		3350
991		2409		4678493		3342
992		2419		4683207		3340
993		2420		4687925		3341
994		2398		4692644		3346
995		2397		4697363		3346
996		2417		4702080		3341
997		2405		4706796		3347
998		2402		4711513		3356
999		2387		4716229		3348
