# Migration is number of nodes that have changed color.

Round		Edge-Cut		Swaps		Migrations		Skipped
0		8833		4718		2987
1		8036		9437		2997
2		7522		14155		3038
3		7110		18872		3073
4		6757		23587		3092
5		6508		28304		3096
6		6329		33019		3148
7		6178		37730		3129
8		5997		42445		3105
9		5826		47160		3118
10		5738		51874		3122
11		5637		56588		3142
12		5549		61305		3142
13		5418		66016		3119
14		5374		70729		3130
15		5351		75442		3135
16		5266		80150		3148
17		5198		84863		3137
18		5125		89578		3169
19		5081		94292		3151
20		5014		99001		3152
21		4993		103716		3147
22		4955		108433		3154
23		4886		113145		3160
24		4871		117856		3152
25		4828		122571		3173
26		4766		127283		3193
27		4765		132001		3169
28		4736		136714		3161
29		4701		141429		3186
30		4655		146141		3176
31		4640		150853		3162
32		4665		155569		3184
33		4612		160285		3164
34		4601		164999		3168
35		4601		169714		3163
36		4599		174429		3168
37		4600		179143		3172
38		4560		183860		3193
39		4556		188574		3201
40		4512		193289		3196
41		4490		198004		3174
42		4444		202716		3191
43		4402		207427		3179
44		4394		212139		3202
45		4376		216852		3200
46		4375		221569		3208
47		4350		226280		3186
48		4340		230994		3191
49		4292		235710		3175
50		4320		240423		3206
51		4344		245135		3201
52		4329		249848		3198
53		4305		254556		3184
54		4257		259274		3189
55		4267		263987		3193
56		4270		268698		3180
57		4259		273411		3184
58		4230		278123		3181
59		4235		282834		3179
60		4251		287547		3177
61		4179		292258		3184
62		4225		296970		3172
63		4198		301681		3176
64		4179		306397		3203
65		4180		311112		3196
66		4155		315825		3211
67		4141		320542		3190
68		4130		325257		3193
69		4097		329970		3200
70		4070		334680		3204
71		4067		339394		3192
72		4063		344107		3207
73		4037		348818		3185
74		4026		353531		3201
75		4018		358248		3178
76		4020		362961		3191
77		4017		367677		3190
78		4012		372387		3200
79		4025		377095		3196
80		4023		381807		3190
81		4018		386518		3192
82		4006		391229		3195
83		3990		395945		3215
84		3983		400657		3199
85		3974		405371		3194
86		3955		410087		3201
87		3913		414801		3208
88		3927		419512		3214
89		3879		424224		3195
90		3931		428937		3202
91		3913		433651		3201
92		3909		438368		3197
93		3880		443086		3189
94		3887		447802		3203
95		3914		452515		3207
96		3903		457230		3195
97		3883		461943		3195
98		3838		466654		3194
99		3867		471366		3219
100		3862		476074		3212
101		3861		480792		3232
102		3828		485504		3220
103		3830		490215		3207
104		3827		494929		3222
105		3798		499645		3204
106		3790		504355		3221
107		3799		509067		3209
108		3812		513783		3222
109		3763		518497		3230
110		3781		523210		3238
111		3775		527926		3227
112		3751		532638		3228
113		3746		537347		3224
114		3750		542062		3226
115		3743		546775		3225
116		3749		551489		3216
117		3739		556203		3230
118		3721		560914		3237
119		3729		565626		3220
120		3734		570339		3228
121		3721		575055		3244
122		3739		579762		3214
123		3746		584477		3224
124		3728		589188		3201
125		3742		593901		3216
126		3710		598616		3227
127		3730		603333		3225
128		3686		608048		3219
129		3690		612766		3230
130		3667		617483		3236
131		3647		622196		3245
132		3660		626911		3228
133		3644		631623		3233
134		3632		636335		3222
135		3639		641049		3220
136		3624		645758		3217
137		3638		650469		3210
138		3628		655182		3204
139		3634		659891		3222
140		3612		664600		3227
141		3587		669315		3238
142		3594		674029		3221
143		3586		678741		3198
144		3575		683454		3231
145		3593		688169		3232
146		3600		692881		3219
147		3600		697596		3220
148		3578		702311		3220
149		3600		707023		3223
150		3602		711739		3227
151		3592		716456		3215
152		3584		721170		3221
153		3574		725882		3220
154		3585		730597		3214
155		3569		735311		3226
156		3533		740022		3228
157		3528		744738		3217
158		3522		749452		3210
159		3519		754166		3212
160		3548		758876		3229
161		3538		763589		3231
162		3529		768305		3222
163		3542		773020		3218
164		3551		777731		3225
165		3513		782447		3218
166		3518		787156		3245
167		3491		791868		3227
168		3513		796580		3218
169		3519		801290		3224
170		3494		805997		3229
171		3491		810710		3222
172		3490		815419		3221
173		3442		820138		3218
174		3430		824847		3223
175		3439		829561		3224
176		3465		834274		3228
177		3461		838988		3221
178		3486		843702		3223
179		3480		848413		3236
180		3465		853122		3226
181		3467		857828		3216
182		3474		862542		3222
183		3448		867256		3213
184		3460		871970		3222
185		3446		876688		3238
186		3448		881401		3232
187		3456		886117		3228
188		3450		890828		3230
189		3457		895543		3230
190		3422		900256		3228
191		3439		904970		3226
192		3440		909680		3237
193		3428		914391		3234
194		3431		919106		3241
195		3439		923822		3243
196		3430		928534		3245
197		3414		933246		3241
198		3395		937958		3229
199		3406		942673		3239
200		3404		947388		3231
201		3417		952104		3241
202		3389		956818		3239
203		3392		961531		3238
204		3383		966244		3257
205		3383		970960		3243
206		3404		975671		3239
207		3393		980385		3231
208		3405		985100		3231
209		3391		989813		3235
210		3391		994531		3226
211		3370		999242		3224
212		3391		1003956		3214
213		3389		1008668		3215
214		3415		1013385		3237
215		3409		1018100		3243
216		3393		1022812		3243
217		3425		1027523		3222
218		3404		1032240		3226
219		3405		1036955		3242
220		3422		1041669		3244
221		3400		1046385		3224
222		3396		1051100		3228
223		3389		1055818		3228
224		3362		1060534		3227
225		3395		1065245		3236
226		3412		1069960		3225
227		3399		1074672		3214
228		3390		1079388		3227
229		3371		1084100		3236
230		3378		1088811		3241
231		3371		1093525		3227
232		3339		1098240		3238
233		3368		1102951		3236
234		3353		1107664		3255
235		3338		1112381		3253
236		3338		1117092		3242
237		3329		1121806		3252
238		3343		1126525		3251
239		3344		1131239		3234
240		3350		1135955		3255
241		3318		1140666		3240
242		3330		1145378		3244
243		3336		1150092		3238
244		3331		1154804		3257
245		3307		1159518		3247
246		3295		1164232		3242
247		3313		1168947		3233
248		3322		1173659		3227
249		3312		1178373		3221
250		3314		1183091		3236
251		3345		1187809		3230
252		3317		1192524		3237
253		3306		1197241		3219
254		3312		1201958		3245
255		3292		1206672		3247
256		3277		1211384		3240
257		3278		1216101		3241
258		3268		1220813		3242
259		3255		1225524		3228
260		3267		1230238		3239
261		3255		1234954		3236
262		3267		1239667		3231
263		3271		1244382		3253
264		3264		1249097		3242
265		3253		1253812		3243
266		3264		1258526		3248
267		3256		1263244		3254
268		3238		1267960		3260
269		3265		1272673		3251
270		3250		1277389		3250
271		3242		1282104		3247
272		3249		1286819		3260
273		3253		1291528		3253
274		3209		1296248		3260
275		3210		1300962		3268
276		3203		1305673		3261
277		3221		1310388		3262
278		3233		1315106		3253
279		3224		1319818		3267
280		3201		1324532		3251
281		3223		1329249		3234
282		3192		1333962		3231
283		3176		1338677		3247
284		3190		1343390		3255
285		3186		1348105		3242
286		3172		1352818		3258
287		3190		1357534		3245
288		3183		1362248		3256
289		3178		1366955		3253
290		3172		1371668		3249
291		3175		1376383		3248
292		3182		1381101		3257
293		3179		1385812		3251
294		3182		1390526		3254
295		3153		1395241		3249
296		3132		1399960		3260
297		3140		1404673		3253
298		3141		1409386		3257
299		3164		1414097		3258
300		3133		1418814		3254
301		3115		1423524		3254
302		3117		1428239		3250
303		3125		1432956		3242
304		3150		1437672		3262
305		3159		1442388		3257
306		3162		1447101		3259
307		3149		1451816		3258
308		3133		1456530		3258
309		3152		1461242		3243
310		3145		1465957		3262
311		3123		1470674		3256
312		3132		1475388		3251
313		3125		1480101		3245
314		3124		1484815		3260
315		3100		1489530		3256
316		3097		1494245		3261
317		3105		1498953		3258
318		3098		1503669		3259
319		3092		1508385		3259
320		3100		1513102		3244
321		3119		1517815		3252
322		3114		1522530		3256
323		3106		1527245		3261
324		3135		1531958		3245
325		3111		1536671		3248
326		3125		1541387		3255
327		3136		1546098		3254
328		3127		1550815		3264
329		3118		1555528		3261
330		3107		1560242		3260
331		3100		1564958		3252
332		3110		1569672		3256
333		3116		1574386		3260
334		3103		1579102		3259
335		3085		1583816		3271
336		3083		1588535		3288
337		3116		1593253		3267
338		3091		1597964		3254
339		3075		1602679		3252
340		3073		1607390		3253
341		3080		1612103		3259
342		3096		1616816		3264
343		3087		1621529		3261
344		3090		1626241		3248
345		3094		1630952		3263
346		3087		1635667		3270
347		3084		1640381		3273
348		3097		1645091		3270
349		3104		1649801		3262
350		3094		1654518		3261
351		3077		1659232		3279
352		3072		1663947		3272
353		3053		1668663		3276
354		3059		1673375		3276
355		3083		1678086		3273
356		3068		1682800		3267
357		3072		1687515		3275
358		3064		1692233		3275
359		3084		1696949		3275
360		3100		1701665		3277
361		3083		1706379		3269
362		3065		1711094		3283
363		3049		1715811		3269
364		3050		1720529		3269
365		3059		1725246		3266
366		3038		1729960		3276
367		3048		1734678		3269
368		3037		1739391		3276
369		3024		1744106		3272
370		3018		1748817		3268
371		3030		1753533		3280
372		3037		1758246		3264
373		3044		1762958		3259
374		3049		1767672		3266
375		3052		1772391		3256
376		3032		1777107		3272
377		3036		1781822		3256
378		3061		1786533		3263
379		3065		1791247		3256
380		3061		1795961		3255
381		3050		1800673		3255
382		3040		1805389		3270
383		3029		1810103		3269
384		3004		1814818		3257
385		3026		1819529		3259
386		3035		1824243		3253
387		3022		1828959		3265
388		3001		1833674		3252
389		3026		1838390		3265
390		3022		1843106		3260
391		3018		1847822		3267
392		3057		1852537		3263
393		3009		1857253		3257
394		3001		1861968		3258
395		3009		1866685		3267
396		3030		1871398		3255
397		3021		1876112		3258
398		3023		1880824		3253
399		3000		1885538		3250
400		3020		1890255		3257
401		2990		1894969		3253
402		3011		1899684		3259
403		3031		1904399		3276
404		3015		1909115		3267
405		3001		1913826		3265
406		2997		1918539		3260
407		2994		1923249		3257
408		2983		1927959		3271
409		2976		1932673		3274
410		2980		1937390		3275
411		2973		1942103		3278
412		2973		1946817		3263
413		2980		1951529		3269
414		2986		1956241		3260
415		2967		1960956		3254
416		2983		1965670		3251
417		2957		1970386		3274
418		2953		1975098		3271
419		2982		1979813		3278
420		2979		1984526		3272
421		2970		1989241		3258
422		2967		1993958		3271
423		2959		1998674		3273
424		2959		2003387		3267
425		2961		2008102		3269
426		2967		2012818		3281
427		2955		2017531		3274
428		2967		2022246		3290
429		2977		2026962		3268
430		2966		2031680		3259
431		2964		2036397		3270
432		2961		2041115		3261
433		2973		2045828		3264
434		2971		2050545		3267
435		2980		2055260		3254
436		2950		2059973		3249
437		2956		2064689		3253
438		2976		2069403		3264
439		2954		2074116		3280
440		2958		2078828		3263
441		2959		2083543		3268
442		2914		2088259		3264
443		2925		2092972		3270
444		2926		2097687		3266
445		2929		2102405		3282
446		2918		2107119		3260
447		2932		2111836		3265
448		2910		2116551		3269
449		2916		2121259		3270
450		2892		2125976		3266
451		2898		2130693		3273
452		2906		2135408		3266
453		2906		2140123		3264
454		2905		2144840		3276
455		2910		2149555		3274
456		2901		2154270		3282
457		2903		2158986		3277
458		2898		2163702		3279
459		2883		2168417		3282
460		2872		2173129		3276
461		2888		2177847		3285
462		2900		2182565		3285
463		2910		2187284		3276
464		2919		2192001		3292
465		2903		2196711		3271
466		2901		2201428		3270
467		2902		2206142		3285
468		2895		2210858		3280
469		2894		2215576		3273
470		2901		2220291		3274
471		2905		2225007		3298
472		2892		2229720		3289
473		2899		2234433		3285
474		2887		2239145		3284
475		2911		2243859		3283
476		2907		2248570		3286
477		2895		2253285		3272
478		2899		2257999		3281
479		2895		2262715		3266
480		2911		2267431		3274
481		2923		2272147		3271
482		2904		2276864		3283
483		2909		2281581		3266
484		2891		2286298		3271
485		2893		2291010		3258
486		2878		2295724		3273
487		2860		2300442		3274
488		2869		2305153		3277
489		2861		2309872		3277
490		2875		2314585		3279
491		2857		2319299		3268
492		2860		2324016		3279
493		2866		2328732		3276
494		2846		2333443		3265
495		2857		2338159		3267
496		2840		2342876		3263
497		2842		2347594		3266
498		2831		2352312		3277
499		2816		2357029		3277
500		2812		2361743		3280
501		2843		2366456		3282
502		2821		2371169		3270
503		2832		2375886		3266
504		2832		2380605		3263
505		2815		2385320		3278
506		2822		2390037		3268
507		2834		2394752		3274
508		2851		2399467		3279
509		2833		2404185		3276
510		2814		2408903		3287
511		2808		2413620		3282
512		2811		2418338		3265
513		2821		2423051		3272
514		2827		2427768		3281
515		2805		2432481		3275
516		2813		2437198		3281
517		2805		2441914		3277
518		2810		2446633		3267
519		2820		2451345		3274
520		2806		2456057		3268
521		2819		2460772		3272
522		2835		2465485		3282
523		2831		2470196		3283
524		2822		2474907		3276
525		2815		2479620		3276
526		2813		2484330		3281
527		2816		2489049		3288
528		2812		2493766		3282
529		2820		2498483		3283
530		2797		2503199		3284
531		2799		2507914		3282
532		2798		2512629		3289
533		2799		2517343		3300
534		2810		2522059		3294
535		2818		2526772		3291
536		2811		2531486		3281
537		2801		2536201		3279
538		2822		2540916		3277
539		2794		2545632		3282
540		2798		2550349		3288
541		2782		2555064		3291
542		2783		2559780		3286
543		2795		2564495		3284
544		2799		2569209		3292
545		2786		2573921		3292
546		2791		2578636		3286
547		2797		2583351		3297
548		2796		2588067		3291
549		2786		2592784		3293
550		2784		2597498		3297
551		2801		2602214		3291
552		2784		2606933		3297
553		2794		2611645		3293
554		2780		2616360		3295
555		2801		2621076		3296
556		2808		2625793		3285
557		2793		2630509		3276
558		2798		2635225		3283
559		2789		2639940		3284
560		2793		2644655		3280
561		2791		2649371		3280
562		2784		2654088		3278
563		2780		2658804		3288
564		2760		2663524		3294
565		2749		2668235		3281
566		2764		2672951		3273
567		2762		2677668		3272
568		2774		2682377		3285
569		2759		2687097		3281
570		2773		2691809		3287
571		2779		2696522		3299
572		2766		2701238		3287
573		2759		2705950		3286
574		2757		2710662		3288
575		2766		2715375		3294
576		2760		2720089		3288
577		2785		2724805		3291
578		2785		2729519		3303
579		2793		2734239		3290
580		2787		2738955		3284
581		2754		2743671		3284
582		2770		2748387		3274
583		2756		2753106		3289
584		2763		2757822		3283
585		2765		2762537		3277
586		2746		2767253		3285
587		2759		2771968		3282
588		2773		2776683		3288
589		2755		2781399		3282
590		2765		2786117		3288
591		2754		2790831		3287
592		2749		2795541		3290
593		2764		2800259		3279
594		2756		2804975		3278
595		2744		2809693		3275
596		2729		2814409		3276
597		2748		2819122		3274
598		2749		2823838		3281
599		2751		2828553		3279
600		2753		2833269		3281
601		2747		2837982		3289
602		2750		2842695		3283
603		2754		2847410		3262
604		2737		2852124		3273
605		2732		2856837		3281
606		2744		2861551		3281
607		2755		2866267		3280
608		2746		2870982		3281
609		2764		2875698		3293
610		2749		2880414		3285
611		2738		2885126		3280
612		2735		2889840		3285
613		2736		2894558		3279
614		2735		2899270		3286
615		2727		2903988		3273
616		2736		2908702		3281
617		2730		2913412		3268
618		2735		2918131		3277
619		2738		2922844		3267
620		2734		2927560		3282
621		2721		2932274		3278
622		2735		2936992		3281
623		2738		2941704		3284
624		2732		2946417		3284
625		2724		2951132		3288
626		2702		2955845		3287
627		2711		2960564		3287
628		2712		2965278		3282
629		2716		2969997		3276
630		2722		2974711		3289
631		2724		2979424		3293
632		2734		2984136		3287
633		2721		2988849		3276
634		2723		2993565		3288
635		2723		2998276		3296
636		2736		3002991		3285
637		2732		3007704		3284
638		2726		3012420		3287
639		2711		3017137		3289
640		2708		3021854		3293
641		2705		3026568		3292
642		2712		3031283		3288
643		2705		3036000		3280
644		2717		3040713		3267
645		2714		3045426		3268
646		2722		3050140		3279
647		2683		3054853		3261
648		2681		3059564		3269
649		2696		3064281		3284
650		2692		3068994		3294
651		2692		3073707		3283
652		2684		3078426		3284
653		2670		3083137		3288
654		2671		3087850		3293
655		2676		3092566		3276
656		2668		3097284		3278
657		2669		3102000		3295
658		2667		3106716		3284
659		2667		3111430		3285
660		2674		3116142		3290
661		2687		3120860		3280
662		2675		3125577		3295
663		2709		3130292		3289
664		2689		3135008		3284
665		2672		3139724		3281
666		2671		3144441		3289
667		2673		3149156		3299
668		2669		3153870		3291
669		2671		3158585		3288
670		2671		3163300		3277
671		2655		3168011		3282
672		2655		3172726		3296
673		2672		3177443		3291
674		2675		3182158		3290
675		2675		3186871		3296
676		2674		3191589		3302
677		2671		3196305		3295
678		2689		3201024		3294
679		2688		3205738		3301
680		2694		3210456		3289
681		2682		3215171		3288
682		2684		3219889		3284
683		2671		3224603		3283
684		2664		3229318		3271
685		2674		3234031		3276
686		2669		3238743		3284
687		2661		3243460		3270
688		2676		3248176		3285
689		2652		3252892		3276
690		2675		3257611		3281
691		2686		3262331		3273
692		2676		3267045		3284
693		2684		3271759		3267
694		2690		3276472		3259
695		2696		3281187		3282
696		2658		3285901		3283
697		2654		3290615		3280
698		2666		3295328		3282
699		2666		3300046		3276
700		2679		3304765		3278
701		2645		3309482		3280
702		2643		3314196		3288
703		2660		3318913		3276
704		2654		3323631		3279
705		2650		3328349		3283
706		2671		3333063		3282
707		2679		3337779		3289
708		2671		3342494		3283
709		2656		3347208		3271
710		2655		3351922		3280
711		2638		3356640		3274
712		2636		3361357		3282
713		2640		3366067		3274
714		2638		3370783		3280
715		2636		3375497		3279
716		2644		3380213		3276
717		2639		3384927		3270
718		2640		3389641		3263
719		2640		3394356		3275
720		2623		3399072		3272
721		2632		3403788		3270
722		2604		3408503		3267
723		2616		3413219		3268
724		2619		3417936		3273
725		2598		3422653		3273
726		2609		3427367		3281
727		2619		3432083		3280
728		2618		3436798		3290
729		2619		3441513		3282
730		2633		3446227		3294
731		2615		3450941		3286
732		2620		3455656		3283
733		2639		3460372		3280
734		2622		3465088		3286
735		2611		3469804		3284
736		2625		3474519		3290
737		2628		3479233		3290
738		2614		3483950		3287
739		2639		3488668		3277
740		2644		3493386		3290
741		2622		3498097		3287
742		2625		3502812		3277
743		2619		3507530		3297
744		2647		3512246		3282
745		2612		3516960		3283
746		2611		3521677		3293
747		2635		3526392		3281
748		2634		3531105		3283
749		2626		3535820		3278
750		2622		3540535		3274
751		2613		3545253		3274
752		2635		3549969		3270
753		2657		3554688		3273
754		2644		3559404		3267
755		2643		3564118		3274
756		2639		3568834		3273
757		2627		3573550		3280
758		2623		3578265		3269
759		2617		3582983		3274
760		2621		3587698		3267
761		2605		3592415		3274
762		2619		3597128		3284
763		2636		3601844		3276
764		2652		3606561		3283
765		2644		3611275		3283
766		2645		3615993		3273
767		2628		3620709		3266
768		2617		3625425		3277
769		2633		3630139		3292
770		2632		3634856		3275
771		2623		3639574		3278
772		2609		3644292		3281
773		2592		3649008		3282
774		2614		3653722		3283
775		2614		3658439		3291
776		2612		3663157		3281
777		2595		3667872		3280
778		2610		3672582		3280
779		2604		3677300		3281
780		2602		3682016		3273
781		2632		3686729		3280
782		2608		3691445		3278
783		2610		3696159		3279
784		2597		3700872		3281
785		2600		3705587		3271
786		2604		3710300		3270
787		2611		3715017		3278
788		2611		3719732		3279
789		2581		3724448		3279
790		2595		3729161		3286
791		2618		3733873		3284
792		2617		3738590		3282
793		2621		3743303		3271
794		2606		3748018		3272
795		2597		3752732		3273
796		2601		3757446		3279
797		2579		3762161		3263
798		2601		3766879		3278
799		2600		3771594		3263
800		2606		3776313		3270
801		2591		3781027		3274
802		2597		3785744		3284
803		2603		3790454		3273
804		2604		3795170		3276
805		2606		3799883		3283
806		2581		3804596		3284
807		2586		3809310		3285
808		2585		3814028		3291
809		2597		3818745		3294
810		2601		3823458		3283
811		2613		3828170		3280
812		2613		3832884		3280
813		2613		3837599		3287
814		2609		3842316		3283
815		2599		3847033		3292
816		2602		3851751		3295
817		2615		3856466		3294
818		2591		3861180		3290
819		2618		3865895		3287
820		2622		3870610		3287
821		2621		3875323		3285
822		2605		3880035		3291
823		2620		3884748		3283
824		2597		3889466		3281
825		2614		3894179		3280
826		2605		3898894		3300
827		2588		3903611		3297
828		2585		3908326		3301
829		2592		3913041		3293
830		2596		3917754		3299
831		2608		3922464		3300
832		2596		3927180		3303
833		2607		3931896		3294
834		2600		3936612		3297
835		2606		3941322		3302
836		2583		3946039		3303
837		2599		3950749		3311
838		2613		3955468		3304
839		2609		3960181		3297
840		2593		3964897		3306
841		2581		3969612		3300
842		2588		3974329		3291
843		2587		3979047		3291
844		2597		3983758		3303
845		2604		3988474		3307
846		2606		3993189		3295
847		2595		3997902		3300
848		2583		4002618		3299
849		2594		4007335		3298
850		2574		4012052		3303
851		2588		4016769		3307
852		2583		4021485		3293
853		2584		4026200		3298
854		2571		4030911		3301
855		2561		4035627		3297
856		2561		4040341		3297
857		2558		4045055		3311
858		2569		4049771		3300
859		2564		4054488		3313
860		2555		4059202		3310
861		2549		4063918		3304
862		2561		4068633		3307
863		2561		4073349		3295
864		2576		4078068		3306
865		2577		4082783		3291
866		2587		4087499		3285
867		2571		4092217		3291
868		2565		4096933		3289
869		2584		4101650		3283
870		2593		4106365		3293
871		2593		4111081		3272
872		2619		4115798		3287
873		2614		4120513		3291
874		2594		4125230		3290
875		2591		4129941		3289
876		2580		4134657		3281
877		2582		4139371		3292
878		2578		4144087		3296
879		2569		4148801		3300
880		2569		4153515		3303
881		2563		4158227		3292
882		2552		4162944		3305
883		2559		4167660		3312
884		2577		4172377		3300
885		2559		4177092		3301
886		2570		4181809		3297
887		2569		4186525		3287
888		2579		4191241		3305
889		2578		4195959		3300
890		2589		4200674		3304
891		2581		4205392		3296
892		2560		4210112		3293
893		2581		4214827		3291
894		2565		4219545		3306
895		2574		4224263		3299
896		2558		4228982		3313
897		2544		4233699		3296
898		2543		4238413		3298
899		2535		4243129		3288
900		2530		4247846		3298
901		2518		4252562		3293
902		2527		4257276		3298
903		2522		4261990		3297
904		2522		4266700		3295
905		2545		4271417		3300
906		2547		4276135		3296
907		2540		4280850		3293
908		2549		4285566		3284
909		2548		4290284		3306
910		2544		4295000		3295
911		2546		4299715		3316
912		2547		4304429		3318
913		2545		4309146		3315
914		2529		4313864		3313
915		2526		4318580		3302
916		2509		4323295		3307
917		2508		4328010		3306
918		2523		4332723		3302
919		2508		4337437		3305
920		2519		4342151		3300
921		2501		4346866		3301
922		2498		4351585		3295
923		2495		4356303		3311
924		2500		4361020		3305
925		2517		4365734		3308
926		2511		4370450		3292
927		2519		4375162		3290
928		2529		4379874		3295
929		2504		4384591		3309
930		2506		4389304		3308
931		2508		4394019		3297
932		2508		4398737		3314
933		2507		4403451		3302
934		2499		4408169		3302
935		2513		4412887		3293
936		2515		4417603		3298
937		2518		4422319		3313
938		2525		4427028		3317
939		2507		4431744		3296
940		2532		4436461		3301
941		2527		4441177		3308
942		2529		4445890		3320
943		2526		4450600		3306
944		2527		4455317		3312
945		2525		4460034		3304
946		2520		4464748		3305
947		2508		4469463		3300
948		2528		4474177		3314
949		2523		4478894		3317
950		2528		4483609		3322
951		2518		4488327		3320
952		2514		4493040		3317
953		2518		4497758		3310
954		2527		4502471		3316
955		2524		4507190		3313
956		2513		4511904		3305
957		2515		4516616		3303
958		2521		4521331		3316
959		2511		4526043		3308
960		2530		4530759		3310
961		2513		4535472		3325
962		2530		4540181		3313
963		2530		4544901		3324
964		2525		4549617		3312
965		2537		4554331		3301
966		2519		4559050		3308
967		2513		4563765		3311
968		2510		4568481		3313
969		2518		4573197		3320
970		2511		4577916		3312
971		2521		4582630		3308
972		2539		4587344		3302
973		2523		4592061		3299
974		2524		4596776		3292
975		2525		4601484		3302
976		2527		4606196		3305
977		2548		4610914		3298
978		2533		4615630		3293
979		2508		4620347		3287
980		2494		4625062		3291
981		2510		4629780		3283
982		2503		4634498		3286
983		2496		4639213		3296
984		2508		4643926		3295
985		2504		4648645		3290
986		2484		4653362		3278
987		2484		4658074		3295
988		2497		4662790		3288
989		2495		4667505		3298
990		2493		4672223		3305
991		2502		4676939		3308
992		2495		4681653		3295
993		2495		4686370		3296
994		2498		4691084		3299
995		2491		4695800		3298
996		2484		4700517		3301
997		2487		4705235		3311
998		2488		4709949		3297
999		2474		4714663		3303
