# Migration is number of nodes that have changed color.

Round		Edge-Cut		Swaps		Migrations		Skipped
0		8816		4719		2973
1		8033		9437		2967
2		7522		14155		3004
3		7067		18871		3065
4		6745		23590		3044
5		6516		28309		3049
6		6281		33023		3077
7		6116		37742		3121
8		5927		42458		3078
9		5818		47175		3087
10		5659		51883		3068
11		5579		56598		3097
12		5417		61311		3126
13		5336		66030		3109
14		5265		70746		3081
15		5171		75461		3055
16		5120		80179		3094
17		5085		84889		3086
18		4999		89602		3104
19		4968		94313		3102
20		4899		99029		3068
21		4861		103743		3085
22		4800		108457		3106
23		4814		113171		3086
24		4776		117888		3089
25		4738		122600		3084
26		4733		127315		3076
27		4690		132029		3095
28		4658		136740		3091
29		4597		141452		3094
30		4595		146162		3126
31		4585		150876		3085
32		4567		155590		3106
33		4534		160300		3089
34		4530		165015		3096
35		4496		169723		3093
36		4493		174439		3082
37		4460		179147		3082
38		4447		183861		3086
39		4419		188572		3094
40		4368		193280		3099
41		4387		197997		3128
42		4377		202708		3084
43		4396		207422		3116
44		4397		212132		3130
45		4324		216850		3106
46		4320		221562		3125
47		4306		226276		3137
48		4299		230989		3130
49		4264		235700		3135
50		4271		240409		3116
51		4238		245120		3106
52		4240		249835		3135
53		4242		254551		3118
54		4222		259261		3119
55		4213		263977		3134
56		4202		268692		3142
57		4230		273408		3142
58		4211		278121		3135
59		4199		282836		3135
60		4201		287545		3155
61		4168		292262		3136
62		4141		296970		3148
63		4151		301687		3160
64		4156		306401		3167
65		4109		311113		3146
66		4118		315829		3142
67		4139		320541		3149
68		4115		325254		3151
69		4088		329967		3141
70		4083		334684		3160
71		4065		339394		3146
72		4065		344107		3161
73		4062		348821		3149
74		4061		353536		3147
75		4072		358253		3143
76		4030		362964		3135
77		4004		367674		3155
78		3997		372385		3159
79		4013		377100		3155
80		4012		381807		3156
81		4006		386518		3148
82		3991		391232		3172
83		3988		395946		3149
84		3974		400661		3148
85		3939		405377		3155
86		3943		410091		3163
87		3947		414800		3165
88		3963		419511		3146
89		3973		424228		3179
90		3966		428940		3161
91		3935		433656		3169
92		3927		438369		3144
93		3923		443086		3134
94		3943		447799		3148
95		3964		452514		3150
96		3926		457229		3155
97		3902		461939		3154
98		3876		466647		3168
99		3888		471363		3175
100		3895		476079		3170
101		3884		480792		3168
102		3868		485507		3144
103		3860		490219		3160
104		3864		494930		3170
105		3863		499644		3171
106		3858		504358		3176
107		3835		509074		3172
108		3854		513782		3176
109		3821		518497		3178
110		3825		523209		3178
111		3837		527927		3166
112		3835		532644		3167
113		3799		537360		3150
114		3809		542075		3165
115		3807		546788		3151
116		3816		551503		3179
117		3782		556218		3173
118		3765		560931		3178
119		3753		565646		3177
120		3740		570360		3175
121		3758		575078		3180
122		3770		579793		3186
123		3784		584504		3186
124		3770		589220		3171
125		3774		593931		3178
126		3775		598645		3211
127		3766		603358		3193
128		3754		608072		3191
129		3757		612781		3182
130		3775		617493		3186
131		3785		622208		3188
132		3731		626922		3211
133		3762		631634		3209
134		3736		636348		3227
135		3728		641062		3195
136		3694		645781		3206
137		3682		650496		3195
138		3689		655211		3203
139		3691		659926		3172
140		3675		664641		3177
141		3699		669354		3179
142		3669		674070		3218
143		3657		678787		3203
144		3683		683503		3192
145		3673		688220		3198
146		3684		692935		3196
147		3676		697651		3206
148		3655		702367		3205
149		3619		707084		3199
150		3638		711799		3189
151		3634		716512		3198
152		3610		721225		3190
153		3641		725935		3184
154		3604		730649		3194
155		3618		735367		3157
156		3621		740083		3163
157		3629		744798		3177
158		3658		749514		3194
159		3666		754229		3180
160		3681		758943		3191
161		3635		763658		3196
162		3600		768372		3183
163		3600		773084		3193
164		3621		777799		3201
165		3592		782514		3201
166		3555		787229		3200
167		3554		791945		3204
168		3541		796659		3187
169		3551		801371		3208
170		3546		806087		3202
171		3548		810797		3204
172		3522		815515		3210
173		3482		820225		3203
174		3509		824938		3205
175		3505		829651		3205
176		3528		834369		3213
177		3534		839079		3203
178		3558		843792		3209
179		3576		848508		3204
180		3544		853224		3199
181		3549		857941		3193
182		3542		862655		3212
183		3521		867369		3220
184		3539		872080		3198
185		3522		876796		3214
186		3501		881509		3215
187		3494		886223		3219
188		3513		890938		3213
189		3509		895651		3219
190		3509		900368		3222
191		3518		905081		3226
192		3494		909796		3224
193		3486		914510		3228
194		3460		919225		3217
195		3474		923937		3216
196		3453		928646		3216
197		3432		933362		3210
198		3451		938073		3226
199		3424		942790		3225
200		3429		947503		3217
201		3405		952218		3221
202		3429		956936		3229
203		3447		961651		3216
204		3466		966364		3213
205		3410		971082		3206
206		3437		975793		3219
207		3424		980507		3214
208		3435		985219		3209
209		3417		989935		3198
210		3420		994643		3197
211		3410		999357		3216
212		3356		1004072		3216
213		3360		1008789		3228
214		3353		1013504		3218
215		3346		1018218		3224
216		3356		1022930		3217
217		3353		1027646		3220
218		3367		1032358		3205
219		3370		1037071		3218
220		3345		1041784		3212
221		3364		1046500		3210
222		3363		1051213		3211
223		3353		1055925		3216
224		3369		1060637		3215
225		3369		1065353		3211
226		3350		1070064		3215
227		3351		1074777		3224
228		3350		1079494		3208
229		3359		1084211		3231
230		3358		1088928		3239
231		3352		1093647		3217
232		3347		1098362		3216
233		3343		1103075		3216
234		3360		1107792		3222
235		3354		1112506		3238
236		3347		1117218		3220
237		3361		1121933		3213
238		3328		1126646		3232
239		3310		1131362		3220
240		3337		1136075		3222
241		3346		1140791		3212
242		3339		1145504		3214
243		3316		1150216		3210
244		3297		1154926		3218
245		3282		1159640		3238
246		3283		1164355		3220
247		3289		1169071		3224
248		3287		1173786		3228
249		3262		1178500		3225
250		3273		1183209		3228
251		3282		1187922		3238
252		3286		1192633		3230
253		3283		1197352		3216
254		3281		1202067		3228
255		3292		1206784		3231
256		3273		1211501		3226
257		3270		1216212		3237
258		3292		1220930		3225
259		3307		1225646		3224
260		3284		1230359		3224
261		3298		1235075		3230
262		3296		1239792		3231
263		3276		1244509		3240
264		3251		1249224		3216
265		3270		1253940		3224
266		3272		1258654		3219
267		3279		1263369		3209
268		3292		1268085		3233
269		3287		1272803		3219
270		3276		1277517		3242
271		3272		1282236		3231
272		3299		1286949		3242
273		3297		1291664		3232
274		3282		1296378		3231
275		3277		1301091		3228
276		3267		1305809		3237
277		3269		1310524		3254
278		3249		1315241		3254
279		3268		1319955		3228
280		3246		1324670		3229
281		3258		1329384		3240
282		3253		1334098		3242
283		3237		1338810		3231
284		3267		1343527		3241
285		3248		1348243		3242
286		3248		1352959		3240
287		3251		1357676		3234
288		3244		1362383		3237
289		3223		1367096		3233
290		3219		1371812		3237
291		3212		1376524		3248
292		3223		1381240		3250
293		3219		1385954		3266
294		3204		1390667		3252
295		3230		1395384		3238
296		3211		1400101		3256
297		3211		1404810		3252
298		3207		1409522		3249
299		3209		1414237		3237
300		3220		1418951		3245
301		3207		1423662		3252
302		3223		1428375		3246
303		3197		1433090		3242
304		3203		1437804		3258
305		3235		1442517		3262
306		3193		1447232		3255
307		3197		1451948		3261
308		3218		1456658		3269
309		3201		1461373		3264
310		3189		1466088		3255
311		3177		1470799		3252
312		3197		1475515		3251
313		3186		1480231		3258
314		3175		1484945		3263
315		3168		1489661		3260
316		3187		1494377		3270
317		3183		1499094		3256
318		3182		1503804		3261
319		3181		1508518		3263
320		3169		1513227		3257
321		3187		1517943		3263
322		3185		1522654		3268
323		3158		1527370		3267
324		3149		1532083		3262
325		3145		1536792		3268
326		3148		1541505		3260
327		3139		1546222		3258
328		3131		1550937		3253
329		3125		1555650		3253
330		3140		1560367		3256
331		3135		1565077		3273
332		3118		1569789		3253
333		3128		1574507		3252
334		3134		1579222		3242
335		3110		1583935		3258
336		3100		1588649		3258
337		3114		1593361		3252
338		3122		1598077		3265
339		3095		1602792		3256
340		3103		1607507		3257
341		3102		1612221		3243
342		3089		1616937		3260
343		3110		1621652		3271
344		3099		1626368		3253
345		3105		1631084		3258
346		3115		1635799		3246
347		3112		1640512		3240
348		3129		1645227		3252
349		3110		1649945		3246
350		3113		1654661		3233
351		3093		1659375		3245
352		3091		1664089		3238
353		3086		1668801		3254
354		3109		1673518		3254
355		3102		1678232		3242
356		3098		1682946		3244
357		3097		1687665		3257
358		3078		1692384		3251
359		3095		1697096		3261
360		3087		1701813		3241
361		3102		1706528		3260
362		3071		1711244		3267
363		3048		1715957		3270
364		3061		1720671		3270
365		3059		1725385		3254
366		3085		1730100		3248
367		3066		1734815		3244
368		3072		1739530		3249
369		3070		1744245		3254
370		3069		1748957		3261
371		3058		1753671		3244
372		3058		1758387		3249
373		3070		1763102		3252
374		3061		1767817		3247
375		3036		1772534		3247
376		3029		1777250		3243
377		3059		1781966		3246
378		3063		1786683		3234
379		3053		1791396		3243
380		3057		1796113		3234
381		3056		1800823		3235
382		3040		1805535		3242
383		3024		1810251		3235
384		3022		1814965		3232
385		3042		1819679		3234
386		3037		1824392		3246
387		3034		1829110		3234
388		3026		1833824		3240
389		3044		1838538		3232
390		3029		1843255		3245
391		3023		1847974		3243
392		3010		1852692		3237
393		3012		1857407		3239
394		2998		1862123		3240
395		2980		1866836		3248
396		2975		1871553		3235
397		2975		1876270		3243
398		2973		1880989		3235
399		2977		1885707		3240
400		2959		1890423		3247
401		2994		1895139		3241
402		2996		1899853		3239
403		3000		1904568		3244
404		3015		1909284		3248
405		3002		1914002		3233
406		2989		1918717		3234
407		3022		1923430		3250
408		3025		1928146		3236
409		3014		1932863		3245
410		3028		1937578		3229
411		3022		1942294		3226
412		3006		1947011		3226
413		3009		1951721		3244
414		2990		1956438		3245
415		3009		1961154		3240
416		2980		1965868		3237
417		2976		1970584		3224
418		2980		1975299		3247
419		2975		1980013		3239
420		2961		1984731		3247
421		2966		1989444		3233
422		2976		1994163		3227
423		2971		1998879		3233
424		2970		2003592		3228
425		2963		2008309		3246
426		2965		2013024		3240
427		2978		2017742		3232
428		2972		2022460		3237
429		2987		2027175		3236
430		2947		2031891		3239
431		2945		2036604		3236
432		2959		2041321		3237
433		2942		2046037		3228
434		2938		2050752		3242
435		2955		2055468		3236
436		2953		2060188		3244
437		2935		2064903		3245
438		2949		2069620		3247
439		2961		2074335		3250
440		2941		2079049		3237
441		2953		2083766		3242
442		2946		2088479		3243
443		2936		2093191		3244
444		2943		2097905		3234
445		2953		2102618		3259
446		2942		2107337		3255
447		2939		2112051		3253
448		2925		2116765		3253
449		2939		2121483		3255
450		2932		2126200		3247
451		2941		2130913		3251
452		2936		2135627		3257
453		2933		2140340		3251
454		2922		2145055		3250
455		2917		2149769		3253
456		2929		2154486		3266
457		2913		2159201		3251
458		2905		2163916		3257
459		2894		2168633		3257
460		2902		2173347		3265
461		2905		2178063		3274
462		2885		2182778		3257
463		2912		2187494		3259
464		2871		2192209		3257
465		2868		2196925		3267
466		2868		2201639		3274
467		2871		2206354		3270
468		2877		2211071		3276
469		2902		2215791		3273
470		2896		2220503		3269
471		2909		2225220		3269
472		2907		2229935		3278
473		2916		2234652		3263
474		2916		2239367		3272
475		2915		2244083		3265
476		2894		2248798		3267
477		2887		2253512		3259
478		2889		2258225		3267
479		2882		2262938		3263
480		2869		2267653		3242
481		2859		2272364		3261
482		2863		2277078		3258
483		2866		2281793		3259
484		2876		2286510		3260
485		2872		2291227		3260
486		2860		2295942		3266
487		2857		2300657		3265
488		2861		2305371		3263
489		2855		2310087		3269
490		2877		2314806		3264
491		2875		2319522		3247
492		2895		2324235		3256
493		2873		2328951		3257
494		2874		2333666		3264
495		2894		2338378		3269
496		2913		2343096		3261
497		2886		2347810		3258
498		2880		2352528		3253
499		2876		2357244		3262
500		2858		2361957		3257
501		2875		2366675		3252
502		2882		2371395		3248
503		2901		2376110		3248
504		2878		2380828		3241
505		2879		2385541		3247
506		2867		2390257		3241
507		2875		2394977		3243
508		2877		2399693		3243
509		2878		2404408		3237
510		2879		2409122		3247
511		2868		2413837		3250
512		2886		2418553		3242
513		2896		2423270		3248
514		2904		2427981		3236
515		2867		2432695		3250
516		2875		2437410		3240
517		2876		2442127		3253
518		2876		2446843		3253
519		2878		2451559		3257
520		2873		2456276		3268
521		2880		2460984		3245
522		2866		2465698		3247
523		2869		2470408		3261
524		2876		2475119		3254
525		2890		2479835		3260
526		2894		2484545		3268
527		2883		2489262		3265
528		2882		2493980		3273
529		2896		2498696		3260
530		2915		2503408		3263
531		2913		2508122		3266
532		2868		2512836		3269
533		2888		2517550		3266
534		2867		2522262		3264
535		2874		2526977		3258
536		2867		2531691		3268
537		2872		2536410		3264
538		2870		2541125		3264
539		2868		2545842		3273
540		2863		2550558		3259
541		2856		2555274		3273
542		2873		2559992		3282
543		2839		2564709		3272
544		2845		2569425		3303
545		2851		2574139		3286
546		2844		2578855		3283
547		2854		2583568		3278
548		2861		2588279		3270
549		2857		2592993		3282
550		2852		2597710		3277
551		2837		2602427		3273
552		2845		2607141		3288
553		2836		2611858		3276
554		2849		2616572		3273
555		2859		2621289		3269
556		2827		2626005		3284
557		2834		2630719		3278
558		2810		2635432		3274
559		2811		2640150		3272
560		2829		2644862		3267
561		2840		2649575		3275
562		2841		2654287		3271
563		2848		2659001		3288
564		2835		2663716		3275
565		2821		2668430		3267
566		2815		2673145		3274
567		2804		2677859		3267
568		2817		2682572		3270
569		2836		2687289		3265
570		2817		2692007		3267
571		2813		2696719		3270
572		2825		2701437		3282
573		2826		2706151		3262
574		2808		2710863		3277
575		2809		2715578		3270
576		2798		2720293		3267
577		2806		2725003		3283
578		2824		2729718		3263
579		2829		2734434		3273
580		2786		2739150		3239
581		2788		2743869		3254
582		2788		2748586		3274
583		2776		2753303		3278
584		2784		2758022		3266
585		2798		2762740		3277
586		2789		2767456		3268
587		2795		2772172		3276
588		2785		2776890		3272
589		2791		2781606		3265
590		2766		2786322		3263
591		2769		2791040		3257
592		2758		2795754		3261
593		2768		2800467		3268
594		2757		2805180		3269
595		2781		2809891		3270
596		2799		2814609		3257
597		2809		2819324		3277
598		2794		2824037		3268
599		2773		2828754		3264
600		2796		2833470		3276
601		2792		2838187		3271
602		2784		2842905		3261
603		2785		2847621		3269
604		2794		2852337		3257
605		2789		2857054		3252
606		2801		2861770		3252
607		2792		2866483		3258
608		2792		2871198		3259
609		2796		2875912		3259
610		2773		2880629		3260
611		2779		2885343		3257
612		2770		2890061		3263
613		2784		2894775		3256
614		2782		2899490		3265
615		2804		2904203		3262
616		2817		2908918		3260
617		2825		2913635		3260
618		2806		2918353		3274
619		2808		2923069		3278
620		2841		2927784		3267
621		2817		2932501		3268
622		2819		2937220		3250
623		2822		2941932		3252
624		2826		2946646		3257
625		2822		2951362		3256
626		2810		2956078		3265
627		2806		2960794		3268
628		2816		2965510		3266
629		2804		2970224		3267
630		2807		2974938		3269
631		2811		2979657		3271
632		2816		2984372		3263
633		2789		2989085		3265
634		2801		2993801		3271
635		2795		2998518		3266
636		2785		3003235		3263
637		2782		3007950		3266
638		2783		3012668		3274
639		2780		3017380		3265
640		2771		3022096		3278
641		2779		3026809		3279
642		2779		3031524		3276
643		2763		3036242		3275
644		2791		3040957		3269
645		2757		3045677		3281
646		2758		3050394		3274
647		2763		3055107		3264
648		2760		3059822		3276
649		2744		3064538		3270
650		2746		3069256		3285
651		2747		3073968		3280
652		2740		3078684		3277
653		2754		3083401		3278
654		2756		3088119		3276
655		2738		3092833		3289
656		2751		3097552		3290
657		2753		3102270		3286
658		2749		3106981		3289
659		2745		3111699		3290
660		2735		3116411		3281
661		2741		3121126		3291
662		2754		3125840		3290
663		2751		3130554		3299
664		2771		3135268		3286
665		2755		3139983		3289
666		2774		3144698		3278
667		2741		3149414		3288
668		2745		3154131		3303
669		2737		3158847		3299
670		2730		3163559		3276
671		2731		3168275		3281
672		2747		3172989		3276
673		2729		3177707		3286
674		2729		3182422		3278
675		2729		3187140		3278
676		2747		3191855		3269
677		2755		3196572		3272
678		2734		3201290		3273
679		2753		3206006		3276
680		2739		3210722		3289
681		2753		3215434		3271
682		2761		3220153		3264
683		2773		3224869		3282
684		2750		3229584		3288
685		2779		3234298		3296
686		2743		3239015		3292
687		2751		3243726		3281
688		2738		3248445		3297
689		2755		3253164		3293
690		2750		3257879		3295
691		2736		3262594		3278
692		2726		3267306		3282
693		2732		3272024		3292
694		2731		3276738		3287
695		2744		3281458		3288
696		2729		3286175		3288
697		2728		3290891		3287
698		2716		3295605		3294
699		2733		3300319		3291
700		2737		3305034		3293
701		2747		3309751		3278
702		2735		3314465		3277
703		2734		3319180		3288
704		2703		3323895		3282
705		2716		3328613		3287
706		2718		3333327		3283
707		2711		3338045		3285
708		2707		3342760		3293
709		2698		3347478		3289
710		2691		3352195		3290
711		2692		3356908		3290
712		2699		3361623		3284
713		2698		3366339		3307
714		2693		3371056		3280
715		2694		3375772		3272
716		2687		3380486		3283
717		2695		3385199		3277
718		2681		3389914		3283
719		2678		3394629		3287
720		2682		3399346		3285
721		2686		3404064		3281
722		2663		3408777		3280
723		2676		3413493		3270
724		2681		3418207		3294
725		2687		3422923		3290
726		2681		3427640		3301
727		2671		3432355		3288
728		2676		3437072		3277
729		2693		3441787		3291
730		2705		3446506		3289
731		2691		3451221		3300
732		2691		3455939		3295
733		2670		3460655		3294
734		2672		3465371		3303
735		2680		3470084		3292
736		2661		3474801		3300
737		2678		3479517		3290
738		2681		3484231		3293
739		2686		3488945		3282
740		2668		3493661		3283
741		2681		3498378		3281
742		2672		3503096		3290
743		2655		3507814		3290
744		2653		3512530		3289
745		2670		3517242		3282
746		2693		3521959		3300
747		2683		3526675		3291
748		2667		3531389		3287
749		2674		3536100		3285
750		2668		3540817		3284
751		2652		3545532		3281
752		2657		3550245		3268
753		2651		3554963		3283
754		2634		3559679		3300
755		2643		3564390		3279
756		2633		3569105		3286
757		2641		3573821		3278
758		2661		3578535		3287
759		2649		3583251		3286
760		2639		3587966		3287
761		2636		3592680		3292
762		2638		3597393		3274
763		2623		3602109		3290
764		2640		3606829		3299
765		2638		3611544		3291
766		2614		3616260		3283
767		2619		3620974		3283
768		2612		3625693		3285
769		2595		3630406		3289
770		2612		3635121		3283
771		2618		3639840		3290
772		2628		3644552		3288
773		2627		3649270		3291
774		2622		3653986		3286
775		2609		3658701		3283
776		2599		3663413		3284
777		2612		3668130		3271
778		2626		3672848		3284
779		2598		3677564		3286
780		2596		3682281		3272
781		2603		3686996		3273
782		2608		3691710		3280
783		2597		3696425		3285
784		2585		3701139		3281
785		2612		3705848		3279
786		2605		3710563		3277
787		2606		3715281		3274
788		2619		3719995		3268
789		2602		3724708		3279
790		2603		3729428		3292
791		2598		3734142		3281
792		2611		3738860		3283
793		2623		3743573		3285
794		2593		3748289		3281
795		2609		3753004		3285
796		2599		3757718		3286
797		2604		3762433		3280
798		2604		3767150		3286
799		2588		3771861		3270
800		2600		3776579		3273
801		2617		3781297		3279
802		2620		3786015		3285
803		2621		3790734		3279
804		2621		3795451		3275
805		2616		3800166		3277
806		2606		3804883		3275
807		2610		3809600		3289
808		2594		3814318		3281
809		2604		3819034		3276
810		2608		3823747		3265
811		2598		3828465		3272
812		2616		3833182		3272
813		2601		3837900		3281
814		2591		3842613		3284
815		2582		3847327		3279
816		2599		3852044		3284
817		2602		3856757		3281
818		2589		3861476		3272
819		2593		3866194		3268
820		2599		3870909		3269
821		2602		3875627		3287
822		2610		3880346		3285
823		2629		3885062		3289
824		2609		3889779		3274
825		2608		3894497		3280
826		2624		3899213		3290
827		2597		3903928		3288
828		2610		3908645		3280
829		2580		3913361		3294
830		2594		3918078		3286
831		2586		3922792		3289
832		2597		3927503		3289
833		2587		3932218		3281
834		2583		3936933		3284
835		2602		3941651		3282
836		2594		3946370		3295
837		2591		3951089		3295
838		2575		3955808		3302
839		2573		3960525		3303
840		2544		3965237		3306
841		2561		3969953		3286
842		2577		3974668		3294
843		2556		3979387		3292
844		2587		3984099		3281
845		2554		3988816		3287
846		2580		3993532		3288
847		2562		3998249		3297
848		2565		4002966		3299
849		2569		4007683		3292
850		2543		4012401		3288
851		2530		4017113		3289
852		2535		4021830		3286
853		2537		4026544		3293
854		2548		4031262		3287
855		2553		4035976		3303
856		2566		4040692		3299
857		2560		4045407		3286
858		2567		4050123		3301
859		2564		4054840		3300
860		2572		4059558		3306
861		2557		4064274		3305
862		2555		4068990		3293
863		2565		4073707		3296
864		2549		4078425		3306
865		2550		4083143		3295
866		2585		4087858		3303
867		2575		4092575		3294
868		2582		4097292		3310
869		2585		4102007		3301
870		2570		4106722		3300
871		2582		4111437		3304
872		2594		4116147		3305
873		2577		4120860		3302
874		2587		4125576		3293
875		2573		4130291		3308
876		2556		4135009		3304
877		2575		4139725		3296
878		2554		4144442		3292
879		2569		4149160		3301
880		2558		4153877		3296
881		2577		4158592		3301
882		2560		4163309		3296
883		2548		4168023		3291
884		2548		4172742		3288
885		2535		4177459		3287
886		2523		4182175		3294
887		2543		4186893		3290
888		2535		4191609		3295
889		2554		4196324		3303
890		2541		4201040		3291
891		2531		4205753		3291
892		2519		4210468		3292
893		2536		4215183		3281
894		2530		4219898		3293
895		2531		4224615		3287
896		2539		4229330		3294
897		2532		4234046		3290
898		2547		4238761		3294
899		2546		4243478		3293
900		2533		4248196		3299
901		2531		4252912		3298
902		2527		4257629		3293
903		2536		4262347		3295
904		2554		4267065		3301
905		2531		4271784		3290
906		2546		4276501		3296
907		2521		4281220		3297
908		2536		4285932		3288
909		2530		4290650		3290
910		2532		4295368		3295
911		2524		4300086		3287
912		2536		4304800		3298
913		2534		4309517		3293
914		2551		4314232		3294
915		2550		4318952		3300
916		2547		4323668		3298
917		2556		4328383		3284
918		2561		4333096		3287
919		2580		4337810		3300
920		2547		4342524		3298
921		2537		4347243		3293
922		2535		4351958		3298
923		2551		4356672		3303
924		2548		4361390		3306
925		2531		4366107		3315
926		2523		4370824		3309
927		2530		4375539		3303
928		2542		4380254		3312
929		2539		4384973		3302
930		2531		4389691		3311
931		2540		4394404		3308
932		2537		4399124		3314
933		2544		4403838		3305
934		2551		4408553		3307
935		2548		4413266		3311
936		2546		4417983		3309
937		2552		4422698		3305
938		2550		4427413		3303
939		2545		4432130		3302
940		2540		4436846		3312
941		2526		4441563		3302
942		2539		4446279		3296
943		2505		4450998		3288
944		2519		4455713		3299
945		2501		4460432		3300
946		2508		4465150		3300
947		2527		4469862		3287
948		2510		4474573		3299
949		2510		4479288		3300
950		2513		4484006		3309
951		2507		4488720		3313
952		2517		4493436		3309
953		2517		4498154		3289
954		2528		4502868		3291
955		2517		4507582		3299
956		2521		4512297		3300
957		2506		4517015		3297
958		2493		4521732		3298
959		2506		4526446		3289
960		2489		4531159		3287
961		2499		4535878		3282
962		2506		4540595		3281
963		2494		4545304		3282
964		2502		4550018		3292
965		2509		4554728		3286
966		2505		4559448		3277
967		2517		4564160		3284
968		2527		4568876		3294
969		2513		4573589		3296
970		2501		4578306		3295
971		2506		4583025		3278
972		2501		4587738		3297
973		2510		4592453		3294
974		2502		4597170		3289
975		2503		4601885		3279
976		2501		4606599		3284
977		2505		4611315		3282
978		2514		4616029		3283
979		2505		4620746		3289
980		2515		4625465		3273
981		2501		4630182		3284
982		2502		4634898		3291
983		2503		4639615		3277
984		2513		4644332		3289
985		2513		4649046		3295
986		2492		4653763		3286
987		2504		4658480		3286
988		2487		4663198		3276
989		2490		4667915		3285
990		2490		4672633		3293
991		2488		4677349		3283
992		2512		4682064		3284
993		2499		4686782		3285
994		2520		4691498		3282
995		2507		4696217		3279
996		2514		4700933		3279
997		2514		4705648		3280
998		2516		4710361		3286
999		2509		4715075		3284
