# Migration is number of nodes that have changed color.

Round		Edge-Cut		Swaps		Migrations		Skipped
0		8788		4720		2976
1		8134		9440		3001
2		7597		14159		3094
3		7192		18877		3123
4		6816		23597		3114
5		6556		28315		3092
6		6355		33032		3133
7		6205		37751		3139
8		6068		42466		3123
9		5907		47181		3119
10		5806		51900		3147
11		5745		56615		3190
12		5592		61333		3171
13		5539		66047		3145
14		5421		70765		3147
15		5350		75481		3176
16		5267		80198		3166
17		5174		84916		3160
18		5116		89632		3131
19		5050		94348		3153
20		4926		99065		3173
21		4906		103776		3154
22		4891		108490		3159
23		4854		113207		3166
24		4817		117919		3150
25		4734		122634		3164
26		4688		127338		3176
27		4604		132054		3178
28		4609		136768		3193
29		4605		141483		3184
30		4522		146189		3202
31		4530		150903		3212
32		4509		155616		3203
33		4481		160327		3193
34		4432		165039		3200
35		4452		169752		3208
36		4433		174470		3199
37		4426		179182		3189
38		4409		183895		3199
39		4397		188609		3203
40		4358		193321		3200
41		4384		198035		3187
42		4377		202746		3182
43		4382		207460		3211
44		4365		212170		3194
45		4327		216886		3206
46		4359		221597		3207
47		4308		226312		3212
48		4285		231026		3215
49		4321		235735		3215
50		4314		240447		3206
51		4289		245158		3213
52		4296		249874		3198
53		4268		254589		3214
54		4269		259296		3221
55		4264		264005		3233
56		4228		268714		3210
57		4198		273423		3217
58		4201		278136		3215
59		4189		282846		3212
60		4214		287561		3216
61		4164		292270		3238
62		4181		296978		3240
63		4182		301691		3206
64		4107		306402		3216
65		4076		311113		3198
66		4068		315830		3213
67		4074		320546		3210
68		4053		325257		3202
69		4021		329969		3199
70		4022		334677		3229
71		4015		339394		3207
72		4020		344104		3214
73		4004		348813		3237
74		3978		353527		3225
75		3966		358242		3229
76		3965		362956		3220
77		3970		367663		3218
78		3963		372377		3202
79		3987		377088		3219
80		3947		381803		3206
81		3932		386513		3207
82		3925		391223		3213
83		3957		395935		3231
84		3942		400646		3237
85		3913		405362		3224
86		3919		410074		3234
87		3910		414786		3217
88		3893		419497		3208
89		3873		424210		3208
90		3862		428924		3211
91		3881		433640		3203
92		3882		438355		3218
93		3871		443067		3200
94		3866		447775		3231
95		3874		452489		3214
96		3848		457200		3225
97		3853		461912		3232
98		3807		466629		3231
99		3810		471344		3226
100		3825		476052		3214
101		3896		480771		3233
102		3918		485488		3226
103		3896		490205		3239
104		3863		494921		3228
105		3842		499636		3245
106		3832		504352		3234
107		3843		509062		3228
108		3814		513779		3226
109		3840		518491		3214
110		3837		523203		3237
111		3829		527917		3246
112		3793		532632		3225
113		3767		537346		3222
114		3740		542062		3227
115		3731		546772		3245
116		3733		551483		3217
117		3693		556199		3225
118		3693		560912		3237
119		3671		565627		3227
120		3658		570340		3242
121		3655		575054		3245
122		3653		579773		3252
123		3693		584487		3238
124		3674		589205		3238
125		3636		593920		3228
126		3622		598639		3253
127		3586		603353		3254
128		3584		608068		3231
129		3598		612786		3243
130		3588		617496		3234
131		3580		622211		3239
132		3526		626922		3241
133		3552		631638		3232
134		3565		636353		3246
135		3520		641070		3255
136		3524		645786		3240
137		3544		650497		3246
138		3540		655212		3250
139		3536		659929		3241
140		3544		664643		3245
141		3521		669357		3244
142		3515		674069		3245
143		3510		678786		3262
144		3519		683503		3260
145		3501		688212		3241
146		3505		692921		3238
147		3520		697634		3263
148		3475		702346		3251
149		3471		707057		3257
150		3489		711770		3262
151		3515		716483		3253
152		3498		721198		3261
153		3500		725910		3259
154		3468		730624		3259
155		3475		735338		3255
156		3479		740056		3249
157		3453		744767		3258
158		3462		749485		3270
159		3461		754199		3270
160		3461		758910		3249
161		3448		763624		3242
162		3418		768339		3275
163		3437		773055		3275
164		3417		777770		3275
165		3436		782485		3260
166		3435		787199		3276
167		3434		791913		3266
168		3425		796625		3277
169		3419		801340		3265
170		3436		806054		3270
171		3433		810770		3273
172		3439		815482		3274
173		3426		820198		3261
174		3443		824912		3248
175		3428		829623		3262
176		3442		834340		3266
177		3423		839053		3251
178		3427		843765		3263
179		3429		848480		3270
180		3428		853196		3257
181		3432		857910		3256
182		3419		862623		3250
183		3400		867340		3250
184		3362		872058		3250
185		3389		876775		3253
186		3403		881493		3272
187		3391		886206		3265
188		3378		890922		3260
189		3365		895635		3255
190		3375		900350		3266
191		3364		905064		3264
192		3368		909780		3261
193		3372		914496		3265
194		3354		919213		3264
195		3354		923926		3270
196		3340		928644		3262
197		3330		933357		3260
198		3311		938074		3253
199		3311		942789		3266
200		3321		947502		3274
201		3325		952217		3269
202		3365		956934		3260
203		3366		961652		3262
204		3379		966367		3268
205		3393		971084		3270
206		3347		975799		3278
207		3345		980517		3279
208		3354		985231		3249
209		3338		989946		3247
210		3367		994663		3275
211		3337		999378		3266
212		3338		1004095		3276
213		3348		1008812		3274
214		3342		1013527		3275
215		3333		1018242		3264
216		3325		1022954		3285
217		3326		1027666		3267
218		3341		1032385		3266
219		3312		1037101		3271
220		3320		1041813		3266
221		3329		1046527		3280
222		3326		1051241		3266
223		3293		1055957		3270
224		3294		1060673		3266
225		3276		1065385		3260
226		3291		1070098		3274
227		3277		1074816		3278
228		3283		1079534		3266
229		3271		1084248		3286
230		3257		1088965		3272
231		3245		1093683		3283
232		3254		1098396		3287
233		3247		1103108		3284
234		3264		1107821		3284
235		3252		1112538		3288
236		3230		1117251		3284
237		3252		1121960		3275
238		3225		1126677		3265
239		3231		1131393		3263
240		3210		1136110		3262
241		3202		1140824		3271
242		3212		1145537		3253
243		3202		1150251		3286
244		3205		1154967		3269
245		3218		1159684		3267
246		3194		1164393		3254
247		3209		1169108		3253
248		3200		1173824		3269
249		3216		1178541		3270
250		3220		1183257		3260
251		3203		1187971		3274
252		3206		1192688		3275
253		3204		1197405		3277
254		3213		1202123		3261
255		3186		1206837		3259
256		3169		1211552		3262
257		3167		1216266		3260
258		3150		1220982		3283
259		3161		1225695		3258
260		3162		1230409		3263
261		3143		1235122		3273
262		3140		1239834		3281
263		3164		1244548		3282
264		3143		1249262		3275
265		3144		1253975		3268
266		3147		1258691		3262
267		3173		1263408		3269
268		3178		1268121		3289
269		3177		1272835		3257
270		3162		1277548		3271
271		3186		1282265		3281
272		3180		1286979		3281
273		3165		1291689		3283
274		3141		1296406		3257
275		3145		1301119		3250
276		3114		1305835		3254
277		3119		1310548		3252
278		3113		1315260		3251
279		3131		1319969		3255
280		3132		1324681		3249
281		3111		1329392		3260
282		3098		1334105		3254
283		3119		1338813		3250
284		3115		1343522		3249
285		3129		1348235		3254
286		3136		1352952		3268
287		3110		1357667		3257
288		3136		1362381		3254
289		3132		1367093		3249
290		3116		1371807		3250
291		3121		1376520		3263
292		3111		1381232		3265
293		3125		1385946		3252
294		3126		1390662		3248
295		3129		1395377		3247
296		3119		1400094		3255
297		3115		1404802		3253
298		3104		1409518		3257
299		3123		1414236		3250
300		3124		1418948		3251
301		3173		1423665		3262
302		3165		1428384		3260
303		3198		1433098		3259
304		3172		1437815		3265
305		3179		1442532		3272
306		3179		1447251		3268
307		3152		1451967		3261
308		3163		1456682		3261
309		3153		1461395		3250
310		3166		1466108		3273
311		3162		1470825		3266
312		3131		1475540		3285
313		3116		1480258		3274
314		3121		1484972		3253
315		3144		1489681		3258
316		3145		1494394		3263
317		3147		1499109		3272
318		3133		1503826		3273
319		3123		1508537		3269
320		3150		1513251		3279
321		3147		1517963		3288
322		3152		1522668		3270
323		3132		1527382		3269
324		3147		1532097		3276
325		3126		1536810		3278
326		3130		1541523		3276
327		3131		1546240		3270
328		3133		1550953		3276
329		3115		1555666		3276
330		3106		1560378		3279
331		3072		1565090		3284
332		3114		1569804		3295
333		3079		1574519		3284
334		3095		1579233		3284
335		3102		1583948		3293
336		3094		1588662		3287
337		3118		1593374		3291
338		3134		1598086		3296
339		3129		1602799		3293
340		3119		1607511		3277
341		3109		1612227		3278
342		3103		1616942		3283
343		3101		1621655		3273
344		3091		1626374		3291
345		3062		1631086		3295
346		3057		1635796		3285
347		3052		1640513		3283
348		3071		1645230		3277
349		3083		1649940		3283
350		3073		1654654		3301
351		3085		1659372		3284
352		3083		1664085		3267
353		3043		1668799		3274
354		3048		1673515		3289
355		3033		1678226		3276
356		3028		1682941		3286
357		3042		1687654		3279
358		3021		1692367		3290
359		3039		1697084		3276
360		3018		1701800		3284
361		3007		1706516		3283
362		2999		1711233		3276
363		3011		1715943		3270
364		3041		1720660		3278
365		3032		1725375		3285
366		3020		1730090		3268
367		3019		1734804		3278
368		3003		1739520		3276
369		3008		1744235		3276
370		2998		1748951		3287
371		3002		1753660		3289
372		2995		1758378		3274
373		3024		1763093		3276
374		3008		1767809		3282
375		3005		1772521		3283
376		3009		1777231		3288
377		3008		1781945		3278
378		3014		1786664		3273
379		3019		1791380		3290
380		3011		1796094		3286
381		3027		1800808		3269
382		3012		1805524		3265
383		3015		1810241		3274
384		3018		1814958		3275
385		3019		1819672		3276
386		3015		1824390		3285
387		3004		1829104		3288
388		3012		1833817		3284
389		2996		1838536		3291
390		3001		1843249		3285
391		2992		1847964		3284
392		3003		1852673		3271
393		3001		1857388		3267
394		2990		1862102		3279
395		3004		1866814		3282
396		3000		1871531		3279
397		2991		1876242		3281
398		3000		1880958		3277
399		3006		1885672		3272
400		3003		1890387		3274
401		3034		1895106		3266
402		3051		1899823		3280
403		3074		1904542		3284
404		3053		1909258		3287
405		3049		1913973		3292
406		3033		1918689		3288
407		3034		1923409		3295
408		3048		1928123		3294
409		3030		1932842		3287
410		3008		1937561		3293
411		2986		1942278		3288
412		2989		1946993		3296
413		3007		1951710		3292
414		3000		1956423		3291
415		3030		1961138		3288
416		3021		1965852		3298
417		3001		1970568		3290
418		3012		1975286		3293
419		3009		1980003		3285
420		2986		1984717		3266
421		2991		1989429		3268
422		3015		1994145		3279
423		2996		1998854		3287
424		3001		2003562		3290
425		3001		2008277		3283
426		2983		2012995		3288
427		2965		2017711		3298
428		2960		2022422		3293
429		2970		2027132		3287
430		2970		2031850		3279
431		2984		2036565		3296
432		2975		2041279		3302
433		2965		2045993		3309
434		2964		2050705		3302
435		2952		2055416		3311
436		2979		2060129		3295
437		2965		2064842		3278
438		2966		2069555		3304
439		2971		2074270		3300
440		2975		2078982		3296
441		2973		2083695		3292
442		2957		2088407		3284
443		2942		2093126		3294
444		2937		2097837		3288
445		2964		2102554		3271
446		2950		2107271		3274
447		2922		2111990		3278
448		2929		2116706		3286
449		2917		2121422		3288
450		2930		2126136		3277
451		2937		2130848		3277
452		2944		2135564		3290
453		2930		2140279		3277
454		2941		2144993		3275
455		2931		2149706		3269
456		2931		2154420		3270
457		2935		2159136		3272
458		2907		2163854		3270
459		2913		2168570		3269
460		2923		2173281		3278
461		2937		2177999		3268
462		2911		2182712		3274
463		2915		2187428		3289
464		2909		2192145		3290
465		2952		2196858		3273
466		2956		2201566		3267
467		2939		2206280		3268
468		2939		2210996		3271
469		2940		2215713		3276
470		2908		2220431		3297
471		2897		2225145		3291
472		2923		2229858		3285
473		2943		2234573		3273
474		2935		2239290		3278
475		2937		2244007		3271
476		2911		2248725		3282
477		2906		2253442		3273
478		2901		2258155		3267
479		2928		2262873		3274
480		2938		2267590		3271
481		2921		2272307		3279
482		2923		2277024		3266
483		2927		2281739		3276
484		2915		2286452		3261
485		2926		2291167		3261
486		2938		2295880		3266
487		2948		2300595		3259
488		2933		2305313		3275
489		2921		2310029		3270
490		2899		2314746		3265
491		2901		2319463		3272
492		2894		2324177		3273
493		2899		2328893		3258
494		2900		2333608		3256
495		2896		2338323		3264
496		2908		2343039		3254
497		2896		2347756		3255
498		2887		2352472		3264
499		2890		2357186		3275
500		2875		2361903		3261
501		2891		2366621		3256
502		2909		2371339		3270
503		2912		2376058		3269
504		2897		2380770		3266
505		2907		2385485		3261
506		2884		2390200		3258
507		2862		2394919		3272
508		2871		2399633		3274
509		2859		2404345		3267
510		2864		2409062		3265
511		2860		2413777		3267
512		2864		2418492		3267
513		2865		2423207		3259
514		2878		2427921		3277
515		2891		2432638		3277
516		2892		2437354		3273
517		2865		2442067		3275
518		2845		2446782		3285
519		2854		2451498		3285
520		2866		2456211		3270
521		2852		2460927		3270
522		2843		2465642		3276
523		2848		2470359		3280
524		2843		2475068		3281
525		2856		2479785		3261
526		2852		2484501		3269
527		2873		2489217		3263
528		2858		2493934		3270
529		2852		2498653		3278
530		2861		2503369		3280
531		2860		2508084		3289
532		2863		2512800		3285
533		2866		2517513		3273
534		2879		2522229		3287
535		2899		2526945		3287
536		2893		2531659		3264
537		2862		2536376		3273
538		2847		2541093		3269
539		2857		2545807		3276
540		2846		2550522		3268
541		2841		2555238		3264
542		2843		2559956		3267
543		2851		2564671		3290
544		2842		2569385		3281
545		2831		2574101		3282
546		2804		2578816		3287
547		2814		2583532		3284
548		2817		2588248		3290
549		2814		2592961		3284
550		2824		2597676		3293
551		2825		2602392		3291
552		2834		2607103		3287
553		2849		2611818		3278
554		2852		2616534		3287
555		2842		2621251		3285
556		2818		2625968		3280
557		2818		2630682		3271
558		2833		2635398		3279
559		2827		2640112		3284
560		2837		2644829		3283
561		2851		2649546		3279
562		2830		2654262		3285
563		2848		2658973		3274
564		2828		2663692		3288
565		2828		2668410		3287
566		2830		2673125		3286
567		2808		2677841		3280
568		2821		2682559		3291
569		2826		2687276		3288
570		2816		2691992		3284
571		2823		2696703		3285
572		2826		2701418		3282
573		2820		2706134		3281
574		2814		2710850		3281
575		2816		2715562		3273
576		2823		2720277		3275
577		2837		2724996		3279
578		2857		2729711		3274
579		2854		2734424		3286
580		2840		2739142		3287
581		2829		2743858		3285
582		2835		2748574		3265
583		2838		2753291		3286
584		2813		2758006		3287
585		2805		2762723		3280
586		2808		2767440		3288
587		2811		2772152		3290
588		2807		2776864		3289
589		2820		2781576		3282
590		2818		2786290		3289
591		2801		2791006		3291
592		2818		2795722		3287
593		2824		2800440		3297
594		2820		2805155		3290
595		2834		2809870		3288
596		2802		2814587		3273
597		2798		2819303		3285
598		2812		2824015		3268
599		2842		2828730		3268
600		2825		2833441		3281
601		2827		2838159		3285
602		2835		2842878		3290
603		2824		2847597		3285
604		2816		2852314		3278
605		2820		2857032		3290
606		2819		2861745		3287
607		2815		2866462		3296
608		2807		2871180		3276
609		2815		2875896		3297
610		2823		2880609		3287
611		2823		2885323		3296
612		2798		2890034		3287
613		2791		2894750		3279
614		2794		2899466		3278
615		2758		2904183		3281
616		2751		2908900		3286
617		2759		2913614		3279
618		2759		2918331		3280
619		2774		2923048		3273
620		2787		2927765		3284
621		2785		2932481		3283
622		2769		2937196		3279
623		2784		2941913		3273
624		2788		2946629		3301
625		2779		2951343		3295
626		2775		2956061		3301
627		2776		2960778		3295
628		2783		2965493		3294
629		2774		2970209		3297
630		2775		2974925		3294
631		2776		2979641		3287
632		2785		2984358		3301
633		2776		2989072		3301
634		2763		2993790		3301
635		2763		2998510		3316
636		2760		3003227		3292
637		2770		3007942		3297
638		2756		3012660		3282
639		2753		3017376		3283
640		2772		3022094		3298
641		2761		3026810		3292
642		2766		3031528		3295
643		2748		3036244		3304
644		2740		3040957		3289
645		2740		3045671		3289
646		2739		3050387		3283
647		2730		3055104		3293
648		2716		3059818		3299
649		2728		3064533		3296
650		2729		3069247		3295
651		2738		3073963		3289
652		2723		3078675		3290
653		2722		3083387		3289
654		2729		3088101		3280
655		2718		3092815		3289
656		2711		3097530		3288
657		2719		3102247		3289
658		2736		3106958		3282
659		2736		3111673		3303
660		2743		3116391		3291
661		2746		3121108		3294
662		2740		3125822		3295
663		2746		3130536		3292
664		2751		3135253		3299
665		2757		3139968		3296
666		2739		3144685		3293
667		2728		3149400		3292
668		2724		3154118		3299
669		2727		3158834		3288
670		2715		3163553		3294
671		2732		3168266		3299
672		2705		3172983		3302
673		2718		3177699		3296
674		2733		3182416		3292
675		2718		3187132		3290
676		2708		3191851		3289
677		2718		3196567		3270
678		2725		3201279		3282
679		2720		3205998		3287
680		2704		3210713		3280
681		2689		3215427		3291
682		2704		3220141		3282
683		2686		3224855		3290
684		2694		3229568		3290
685		2708		3234284		3286
686		2692		3238999		3288
687		2684		3243717		3293
688		2690		3248431		3297
689		2687		3253144		3300
690		2691		3257861		3295
691		2678		3262578		3301
692		2681		3267293		3298
693		2671		3272007		3291
694		2656		3276724		3290
695		2684		3281439		3297
696		2674		3286158		3294
697		2677		3290877		3298
698		2682		3295591		3283
699		2675		3300309		3290
700		2649		3305026		3295
701		2657		3309741		3297
702		2700		3314455		3297
703		2693		3319173		3287
704		2724		3323889		3285
705		2726		3328605		3301
706		2702		3333324		3315
707		2678		3338042		3305
708		2684		3342756		3304
709		2664		3347472		3294
710		2653		3352188		3294
711		2667		3356903		3300
712		2647		3361616		3302
713		2662		3366331		3304
714		2663		3371047		3298
715		2671		3375765		3304
716		2677		3380479		3298
717		2665		3385191		3294
718		2653		3389907		3300
719		2664		3394624		3292
720		2656		3399341		3297
721		2673		3404060		3308
722		2658		3408773		3288
723		2664		3413485		3282
724		2642		3418197		3301
725		2661		3422910		3301
726		2640		3427625		3294
727		2635		3432340		3298
728		2632		3437055		3308
729		2631		3441772		3308
730		2615		3446489		3301
731		2635		3451202		3301
732		2630		3455915		3299
733		2626		3460631		3311
734		2628		3465348		3310
735		2631		3470062		3294
736		2626		3474776		3306
737		2622		3479488		3313
738		2617		3484203		3300
739		2627		3488920		3299
740		2621		3493635		3305
741		2642		3498352		3318
742		2632		3503067		3306
743		2631		3507784		3306
744		2614		3512500		3304
745		2622		3517217		3300
746		2619		3521931		3310
747		2623		3526639		3308
748		2621		3531358		3303
749		2621		3536074		3299
750		2621		3540793		3305
751		2623		3545507		3299
752		2622		3550221		3301
753		2625		3554935		3295
754		2619		3559650		3304
755		2609		3564367		3303
756		2603		3569086		3297
757		2588		3573803		3301
758		2595		3578519		3300
759		2581		3583233		3303
760		2593		3587952		3301
761		2597		3592667		3307
762		2608		3597383		3303
763		2598		3602101		3308
764		2600		3606816		3298
765		2608		3611533		3309
766		2621		3616249		3303
767		2618		3620965		3307
768		2612		3625683		3311
769		2605		3630400		3308
770		2605		3635116		3302
771		2617		3639828		3308
772		2604		3644543		3305
773		2599		3649259		3300
774		2597		3653976		3304
775		2612		3658691		3298
776		2584		3663407		3301
777		2603		3668125		3292
778		2590		3672842		3298
779		2616		3677556		3307
780		2599		3682270		3302
781		2599		3686984		3309
782		2588		3691702		3309
783		2586		3696412		3311
784		2589		3701129		3295
785		2606		3705843		3318
786		2612		3710556		3321
787		2610		3715270		3310
788		2601		3719989		3309
789		2590		3724703		3312
790		2578		3729420		3311
791		2601		3734134		3308
792		2585		3738851		3313
793		2593		3743566		3309
794		2586		3748280		3318
795		2594		3753000		3317
796		2589		3757718		3310
797		2573		3762432		3310
798		2573		3767147		3299
799		2553		3771861		3310
800		2565		3776572		3318
801		2596		3781290		3308
802		2593		3786003		3311
803		2621		3790717		3303
804		2625		3795435		3300
805		2651		3800154		3300
806		2622		3804872		3314
807		2622		3809588		3311
808		2603		3814304		3309
809		2605		3819021		3317
810		2591		3823735		3310
811		2583		3828451		3309
812		2596		3833159		3310
813		2588		3837874		3310
814		2608		3842589		3313
815		2596		3847307		3309
816		2600		3852024		3314
817		2614		3856742		3311
818		2591		3861460		3306
819		2588		3866174		3309
820		2586		3870890		3311
821		2597		3875609		3317
822		2594		3880325		3307
823		2584		3885045		3315
824		2591		3889759		3315
825		2575		3894477		3305
826		2572		3899191		3309
827		2547		3903908		3320
828		2544		3908627		3322
829		2556		3913345		3308
830		2561		3918063		3310
831		2569		3922782		3309
832		2570		3927500		3313
833		2565		3932215		3309
834		2562		3936931		3323
835		2558		3941645		3321
836		2577		3946362		3326
837		2570		3951080		3306
838		2570		3955795		3315
839		2563		3960511		3314
840		2552		3965229		3323
841		2560		3969945		3318
842		2570		3974663		3310
843		2569		3979378		3320
844		2552		3984096		3316
845		2563		3988811		3318
846		2569		3993529		3310
847		2571		3998248		3304
848		2566		4002964		3314
849		2550		4007678		3317
850		2566		4012393		3307
851		2572		4017109		3311
852		2584		4021826		3312
853		2553		4026540		3313
854		2551		4031256		3309
855		2551		4035971		3317
856		2533		4040683		3305
857		2536		4045398		3308
858		2530		4050118		3309
859		2545		4054831		3307
860		2533		4059550		3313
861		2536		4064263		3307
862		2542		4068978		3309
863		2550		4073695		3302
864		2552		4078413		3295
865		2561		4083130		3292
866		2548		4087846		3308
867		2553		4092561		3307
868		2563		4097276		3309
869		2564		4101993		3306
870		2555		4106712		3305
871		2556		4111429		3305
872		2550		4116144		3317
873		2547		4120860		3312
874		2553		4125576		3318
875		2556		4130293		3313
876		2544		4135008		3304
877		2553		4139721		3316
878		2543		4144435		3323
879		2559		4149151		3315
880		2543		4153865		3317
881		2531		4158582		3305
882		2528		4163299		3310
883		2531		4168014		3315
884		2533		4172727		3314
885		2540		4177444		3317
886		2540		4182163		3319
887		2536		4186877		3329
888		2554		4191596		3316
889		2560		4196311		3330
890		2532		4201023		3320
891		2546		4205737		3322
892		2541		4210452		3310
893		2527		4215169		3317
894		2511		4219883		3322
895		2520		4224599		3321
896		2543		4229313		3318
897		2545		4234025		3326
898		2535		4238742		3324
899		2552		4243459		3326
900		2551		4248172		3319
901		2570		4252889		3314
902		2565		4257607		3322
903		2594		4262325		3316
904		2592		4267045		3312
905		2583		4271762		3313
906		2561		4276481		3318
907		2535		4281200		3320
908		2559		4285916		3316
909		2550		4290633		3323
910		2538		4295349		3319
911		2544		4300066		3312
912		2548		4304782		3322
913		2538		4309497		3318
914		2549		4314214		3309
915		2542		4318928		3308
916		2543		4323642		3320
917		2536		4328357		3309
918		2546		4333070		3315
919		2552		4337786		3312
920		2557		4342505		3324
921		2537		4347221		3314
922		2543		4351937		3316
923		2548		4356655		3320
924		2530		4361371		3318
925		2542		4366088		3318
926		2526		4370805		3324
927		2547		4375517		3320
928		2534		4380234		3321
929		2537		4384948		3316
930		2541		4389664		3318
931		2534		4394382		3316
932		2538		4399097		3318
933		2525		4403812		3312
934		2536		4408526		3310
935		2539		4413241		3320
936		2536		4417954		3324
937		2541		4422671		3313
938		2534		4427389		3314
939		2547		4432104		3296
940		2557		4436818		3321
941		2570		4441533		3323
942		2565		4446246		3318
943		2554		4450960		3328
944		2563		4455673		3333
945		2537		4460387		3326
946		2559		4465104		3344
947		2540		4469822		3335
948		2541		4474538		3333
949		2541		4479251		3337
950		2536		4483966		3327
951		2556		4488684		3328
952		2549		4493402		3322
953		2540		4498117		3328
954		2543		4502833		3328
955		2550		4507552		3322
956		2534		4512270		3326
957		2541		4516986		3342
958		2532		4521702		3335
959		2542		4526413		3329
960		2545		4531128		3338
961		2553		4535841		3326
962		2555		4540555		3331
963		2560		4545274		3328
964		2571		4549990		3327
965		2563		4554708		3332
966		2561		4559422		3316
967		2574		4564137		3324
968		2558		4568852		3328
969		2556		4573566		3320
970		2561		4578284		3327
971		2564		4583001		3327
972		2559		4587716		3322
973		2551		4592433		3324
974		2542		4597150		3325
975		2527		4601867		3317
976		2520		4606581		3319
977		2534		4611293		3331
978		2525		4616012		3320
979		2521		4620726		3315
980		2533		4625443		3323
981		2524		4630158		3329
982		2543		4634873		3325
983		2532		4639589		3322
984		2521		4644306		3316
985		2525		4649022		3326
986		2509		4653740		3323
987		2512		4658455		3316
988		2518		4663169		3317
989		2519		4667885		3318
990		2510		4672602		3329
991		2504		4677319		3319
992		2514		4682036		3322
993		2514		4686750		3317
994		2481		4691463		3311
995		2496		4696176		3320
996		2498		4700893		3315
997		2519		4705612		3311
998		2514		4710327		3322
999		2510		4715044		3314
