# Migration is number of nodes that have changed color.

Round		Edge-Cut		Swaps		Migrations		Skipped
0		8860		4719		3039
1		8213		9439		3023
2		7731		14159		3086
3		7453		18879		3112
4		7250		23599		3113
5		6901		28319		3156
6		6720		33039		3181
7		6576		37759		3183
8		6391		42478		3178
9		6258		47194		3202
10		6089		51911		3184
11		6002		56630		3208
12		5871		61348		3189
13		5737		66067		3182
14		5646		70785		3240
15		5537		75499		3209
16		5504		80215		3228
17		5447		84933		3230
18		5377		89648		3233
19		5277		94363		3238
20		5170		99076		3191
21		5166		103790		3206
22		5133		108508		3226
23		5055		113224		3204
24		4946		117938		3240
25		4941		122653		3207
26		4893		127366		3218
27		4861		132076		3207
28		4809		136783		3221
29		4804		141498		3219
30		4749		146213		3218
31		4723		150927		3210
32		4691		155642		3215
33		4622		160357		3204
34		4577		165070		3222
35		4602		169782		3212
36		4589		174496		3217
37		4552		179208		3207
38		4512		183922		3200
39		4514		188637		3227
40		4512		193354		3207
41		4483		198069		3219
42		4472		202780		3222
43		4427		207492		3239
44		4433		212205		3260
45		4402		216918		3245
46		4377		221634		3236
47		4366		226346		3244
48		4381		231058		3263
49		4354		235772		3234
50		4336		240489		3238
51		4335		245202		3236
52		4257		249919		3256
53		4258		254632		3251
54		4191		259348		3230
55		4225		264060		3238
56		4217		268772		3225
57		4194		273484		3234
58		4171		278200		3242
59		4158		282913		3231
60		4161		287623		3238
61		4104		292331		3238
62		4138		297046		3245
63		4105		301757		3240
64		4066		306471		3242
65		4060		311188		3228
66		4074		315902		3249
67		4038		320615		3229
68		4059		325329		3251
69		4059		330045		3237
70		4027		334756		3237
71		4009		339469		3247
72		4002		344180		3249
73		3998		348893		3225
74		3994		353606		3231
75		3986		358320		3237
76		3986		363034		3222
77		3989		367746		3230
78		3994		372459		3242
79		4044		377177		3254
80		4000		381896		3258
81		3974		386609		3226
82		3957		391325		3241
83		3968		396036		3249
84		3969		400754		3243
85		3917		405470		3262
86		3891		410186		3247
87		3878		414898		3244
88		3853		419616		3247
89		3828		424328		3243
90		3811		429043		3262
91		3822		433753		3250
92		3831		438469		3262
93		3825		443184		3252
94		3863		447895		3244
95		3841		452610		3255
96		3822		457326		3273
97		3821		462042		3271
98		3806		466761		3270
99		3818		471474		3266
100		3817		476188		3256
101		3950		480907		3246
102		3978		485623		3264
103		3984		490342		3272
104		3943		495062		3245
105		3985		499780		3241
106		3991		504497		3271
107		3981		509216		3258
108		3967		513934		3253
109		3974		518654		3265
110		3924		523372		3253
111		3916		528088		3263
112		3880		532808		3261
113		3859		537525		3257
114		3861		542241		3254
115		3855		546959		3251
116		3855		551672		3282
117		3811		556388		3278
118		3816		561101		3274
119		3837		565816		3275
120		3803		570531		3266
121		3794		575243		3273
122		3750		579959		3256
123		3719		584675		3265
124		3713		589390		3278
125		3701		594102		3281
126		3699		598812		3282
127		3690		603524		3280
128		3674		608241		3286
129		3709		612954		3283
130		3688		617667		3273
131		3698		622385		3270
132		3670		627101		3249
133		3670		631813		3256
134		3669		636527		3258
135		3671		641237		3272
136		3649		645953		3258
137		3624		650667		3244
138		3599		655381		3257
139		3626		660095		3250
140		3609		664810		3259
141		3622		669525		3271
142		3591		674238		3262
143		3592		678955		3280
144		3591		683671		3285
145		3590		688386		3273
146		3598		693098		3280
147		3576		697808		3272
148		3601		702524		3269
149		3561		707235		3280
150		3559		711947		3285
151		3560		716662		3280
152		3550		721380		3266
153		3556		726092		3242
154		3530		730804		3262
155		3539		735519		3275
156		3540		740238		3271
157		3529		744954		3280
158		3546		749667		3263
159		3518		754381		3263
160		3487		759094		3268
161		3488		763806		3264
162		3508		768517		3274
163		3521		773232		3286
164		3515		777943		3280
165		3470		782655		3266
166		3481		787369		3282
167		3482		792081		3270
168		3487		796795		3279
169		3476		801507		3278
170		3453		806224		3276
171		3459		810936		3281
172		3431		815649		3278
173		3435		820363		3266
174		3453		825077		3296
175		3447		829790		3292
176		3440		834501		3306
177		3429		839216		3296
178		3424		843925		3298
179		3424		848640		3291
180		3394		853356		3301
181		3411		858073		3293
182		3410		862789		3303
183		3401		867504		3283
184		3385		872220		3285
185		3380		876937		3285
186		3370		881650		3290
187		3360		886366		3273
188		3374		891082		3263
189		3401		895797		3265
190		3392		900513		3277
191		3372		905224		3264
192		3388		909939		3271
193		3384		914655		3274
194		3386		919367		3275
195		3384		924084		3302
196		3361		928800		3308
197		3378		933510		3297
198		3347		938223		3294
199		3343		942935		3287
200		3366		947651		3280
201		3476		952370		3273
202		3522		957089		3280
203		3528		961808		3287
204		3550		966524		3297
205		3591		971243		3299
206		3581		975961		3295
207		3577		980681		3296
208		3642		985398		3294
209		3546		990117		3292
210		3532		994834		3286
211		3483		999551		3287
212		3497		1004267		3273
213		3490		1008983		3286
214		3476		1013699		3301
215		3471		1018417		3284
216		3456		1023134		3288
217		3443		1027850		3292
218		3421		1032567		3278
219		3430		1037279		3285
220		3425		1041997		3298
221		3394		1046705		3284
222		3396		1051422		3289
223		3427		1056138		3279
224		3462		1060853		3288
225		3437		1065566		3281
226		3438		1070283		3282
227		3426		1074995		3289
228		3442		1079710		3285
229		3399		1084429		3280
230		3376		1089146		3288
231		3369		1093863		3296
232		3372		1098578		3286
233		3366		1103295		3289
234		3367		1108008		3302
235		3419		1112719		3300
236		3383		1117432		3304
237		3346		1122144		3297
238		3335		1126857		3296
239		3322		1131570		3298
240		3328		1136285		3307
241		3307		1141001		3302
242		3305		1145715		3278
243		3287		1150427		3294
244		3282		1155144		3291
245		3285		1159858		3287
246		3273		1164573		3283
247		3268		1169289		3300
248		3251		1174005		3313
249		3245		1178721		3315
250		3253		1183429		3303
251		3248		1188147		3302
252		3251		1192861		3291
253		3226		1197577		3281
254		3221		1202295		3292
255		3230		1207009		3308
256		3204		1211723		3297
257		3200		1216438		3302
258		3184		1221152		3297
259		3208		1225867		3306
260		3203		1230578		3318
261		3212		1235296		3307
262		3232		1240013		3324
263		3209		1244727		3305
264		3205		1249440		3298
265		3189		1254157		3288
266		3203		1258868		3277
267		3207		1263585		3282
268		3214		1268301		3279
269		3162		1273018		3287
270		3191		1277732		3294
271		3189		1282449		3293
272		3177		1287165		3304
273		3182		1291880		3308
274		3178		1296594		3295
275		3177		1301307		3308
276		3158		1306025		3299
277		3184		1310738		3303
278		3164		1315453		3296
279		3155		1320170		3290
280		3156		1324884		3301
281		3149		1329597		3309
282		3149		1334311		3282
283		3159		1339025		3291
284		3150		1343738		3292
285		3169		1348452		3309
286		3178		1353169		3289
287		3169		1357886		3301
288		3154		1362597		3310
289		3141		1367308		3298
290		3150		1372018		3296
291		3150		1376728		3289
292		3145		1381441		3298
293		3127		1386151		3288
294		3136		1390865		3314
295		3156		1395575		3298
296		3153		1400293		3287
297		3132		1405003		3308
298		3132		1409718		3301
299		3133		1414431		3303
300		3134		1419149		3289
301		3226		1423868		3291
302		3276		1428586		3299
303		3296		1433306		3300
304		3288		1438026		3312
305		3288		1442746		3297
306		3274		1447463		3297
307		3258		1452183		3302
308		3255		1456901		3300
309		3251		1461619		3315
310		3267		1466334		3307
311		3206		1471053		3309
312		3235		1475769		3322
313		3220		1480487		3320
314		3218		1485199		3295
315		3237		1489917		3301
316		3232		1494633		3307
317		3210		1499348		3316
318		3201		1504064		3319
319		3184		1508783		3293
320		3179		1513503		3308
321		3180		1518218		3314
322		3163		1522931		3320
323		3152		1527646		3330
324		3189		1532363		3332
325		3172		1537076		3329
326		3147		1541788		3321
327		3164		1546504		3317
328		3184		1551221		3291
329		3158		1555934		3315
330		3155		1560647		3301
331		3155		1565361		3327
332		3146		1570078		3319
333		3137		1574796		3312
334		3139		1579509		3312
335		3111		1584223		3319
336		3108		1588936		3308
337		3081		1593648		3317
338		3078		1598365		3306
339		3075		1603080		3322
340		3076		1607793		3324
341		3083		1612511		3326
342		3102		1617229		3318
343		3092		1621942		3317
344		3090		1626660		3301
345		3077		1631378		3325
346		3060		1636095		3308
347		3065		1640811		3327
348		3065		1645526		3309
349		3066		1650240		3299
350		3062		1654953		3311
351		3088		1659669		3300
352		3061		1664380		3320
353		3053		1669092		3316
354		3047		1673811		3316
355		3066		1678524		3315
356		3058		1683241		3315
357		3051		1687953		3329
358		3050		1692669		3317
359		3038		1697383		3314
360		3046		1702102		3317
361		3030		1706818		3313
362		3039		1711537		3326
363		3040		1716253		3317
364		3025		1720966		3315
365		3037		1725681		3300
366		3025		1730399		3322
367		3007		1735114		3342
368		3004		1739830		3337
369		3015		1744545		3329
370		2998		1749257		3325
371		3004		1753972		3331
372		3005		1758691		3320
373		3013		1763405		3331
374		3003		1768120		3326
375		3000		1772836		3329
376		2980		1777549		3314
377		2976		1782264		3322
378		2983		1786981		3315
379		2954		1791695		3320
380		2968		1796407		3336
381		2966		1801124		3320
382		2966		1805843		3325
383		2989		1810559		3331
384		2985		1815273		3324
385		3009		1819989		3347
386		3008		1824703		3336
387		2992		1829417		3343
388		2997		1834132		3331
389		2994		1838842		3329
390		2995		1843557		3341
391		2989		1848272		3332
392		2980		1852991		3339
393		2990		1857709		3346
394		3004		1862420		3325
395		2974		1867137		3347
396		2960		1871852		3346
397		2960		1876567		3335
398		2953		1881282		3337
399		2965		1885999		3331
400		2965		1890716		3331
401		3007		1895435		3336
402		3041		1900154		3324
403		3026		1904872		3330
404		3082		1909592		3333
405		3096		1914309		3345
406		3077		1919027		3362
407		3087		1923745		3359
408		3130		1928460		3346
409		3102		1933178		3356
410		3090		1937898		3341
411		3062		1942616		3350
412		3055		1947332		3333
413		3089		1952050		3351
414		3069		1956768		3353
415		3032		1961481		3347
416		3052		1966200		3341
417		3084		1970914		3359
418		3077		1975631		3355
419		3059		1980348		3336
420		3031		1985065		3328
421		3035		1989781		3336
422		3026		1994499		3327
423		2992		1999215		3325
424		2993		2003932		3334
425		3003		2008647		3325
426		2983		2013365		3319
427		2987		2018079		3315
428		2946		2022799		3321
429		2989		2027514		3324
430		2944		2032232		3320
431		2955		2036947		3316
432		2959		2041663		3337
433		2957		2046377		3330
434		2952		2051092		3313
435		2968		2055810		3313
436		2956		2060524		3315
437		2924		2065241		3321
438		2912		2069955		3327
439		2923		2074672		3330
440		2932		2079388		3334
441		2934		2084104		3326
442		2933		2088819		3344
443		2927		2093535		3327
444		2932		2098254		3332
445		2918		2102970		3331
446		2920		2107686		3335
447		2929		2112403		3344
448		2904		2117114		3346
449		2907		2121830		3331
450		2891		2126545		3328
451		2887		2131261		3331
452		2873		2135972		3325
453		2889		2140685		3322
454		2866		2145403		3323
455		2870		2150119		3324
456		2871		2154836		3322
457		2889		2159548		3313
458		2862		2164263		3320
459		2862		2168980		3326
460		2856		2173695		3330
461		2853		2178408		3316
462		2858		2183123		3315
463		2839		2187839		3325
464		2844		2192554		3326
465		2842		2197266		3321
466		2844		2201981		3315
467		2834		2206694		3323
468		2827		2211410		3318
469		2835		2216128		3315
470		2825		2220841		3318
471		2843		2225557		3303
472		2829		2230272		3311
473		2817		2234988		3304
474		2841		2239705		3309
475		2854		2244424		3306
476		2851		2249141		3315
477		2875		2253855		3319
478		2868		2258570		3335
479		2851		2263284		3336
480		2857		2267998		3324
481		2851		2272712		3325
482		2850		2277429		3330
483		2860		2282145		3325
484		2819		2286860		3330
485		2832		2291573		3325
486		2817		2296289		3332
487		2842		2301005		3340
488		2824		2305721		3332
489		2838		2310432		3331
490		2830		2315149		3354
491		2834		2319863		3347
492		2850		2324578		3337
493		2821		2329294		3337
494		2838		2334013		3343
495		2827		2338731		3329
496		2824		2343448		3329
497		2824		2348162		3334
498		2817		2352879		3339
499		2829		2357595		3341
500		2827		2362308		3334
501		2884		2367026		3337
502		2915		2371745		3340
503		2948		2376464		3344
504		2965		2381184		3325
505		2963		2385902		3345
506		2941		2390619		3357
507		2954		2395338		3341
508		2979		2400052		3330
509		2964		2404767		3333
510		2971		2409483		3344
511		2943		2414201		3331
512		2913		2418919		3318
513		2910		2423637		3322
514		2928		2428353		3350
515		2907		2433071		3361
516		2903		2437782		3337
517		2892		2442501		3346
518		2898		2447217		3348
519		2891		2451929		3336
520		2886		2456646		3327
521		2898		2461362		3318
522		2893		2466080		3332
523		2911		2470798		3340
524		2887		2475517		3347
525		2882		2480230		3345
526		2860		2484945		3334
527		2874		2489663		3337
528		2842		2494374		3329
529		2848		2499089		3331
530		2855		2503805		3328
531		2849		2508520		3320
532		2841		2513235		3338
533		2820		2517953		3347
534		2837		2522669		3342
535		2829		2527386		3344
536		2822		2532100		3336
537		2812		2536816		3337
538		2803		2541530		3344
539		2814		2546246		3337
540		2811		2550959		3333
541		2804		2555672		3342
542		2816		2560387		3333
543		2810		2565104		3342
544		2798		2569818		3340
545		2806		2574534		3339
546		2795		2579248		3333
547		2786		2583966		3332
548		2785		2588676		3337
549		2768		2593388		3331
550		2794		2598104		3318
551		2796		2602817		3322
552		2780		2607531		3321
553		2787		2612244		3323
554		2798		2616958		3331
555		2791		2621676		3332
556		2791		2626389		3325
557		2771		2631108		3328
558		2796		2635826		3325
559		2790		2640542		3331
560		2806		2645257		3334
561		2794		2649973		3333
562		2786		2654687		3330
563		2770		2659402		3336
564		2766		2664113		3341
565		2757		2668828		3342
566		2787		2673545		3336
567		2762		2678260		3325
568		2762		2682979		3331
569		2749		2687695		3324
570		2752		2692412		3332
571		2753		2697124		3319
572		2756		2701837		3319
573		2772		2706554		3303
574		2782		2711271		3318
575		2763		2715984		3334
576		2769		2720698		3318
577		2757		2725414		3330
578		2769		2730129		3326
579		2766		2734842		3335
580		2759		2739554		3338
581		2789		2744266		3335
582		2804		2748983		3342
583		2778		2753696		3342
584		2776		2758410		3335
585		2747		2763127		3348
586		2753		2767843		3337
587		2735		2772557		3343
588		2740		2777271		3335
589		2745		2781988		3344
590		2738		2786703		3339
591		2735		2791419		3354
592		2737		2796134		3349
593		2762		2800841		3347
594		2760		2805558		3328
595		2751		2810269		3340
596		2768		2814984		3338
597		2758		2819702		3347
598		2757		2824419		3358
599		2765		2829132		3343
600		2768		2833848		3362
601		2843		2838567		3352
602		2844		2843287		3353
603		2921		2848006		3351
604		2927		2852725		3370
605		2906		2857445		3363
606		2924		2862163		3356
607		2937		2866883		3356
608		2926		2871599		3366
609		2946		2876319		3361
610		2921		2881037		3363
611		2918		2885755		3376
612		2894		2890470		3350
613		2885		2895183		3358
614		2881		2899899		3359
615		2857		2904617		3356
616		2873		2909333		3347
617		2843		2914051		3356
618		2823		2918765		3350
619		2815		2923476		3341
620		2811		2928192		3356
621		2808		2932909		3357
622		2813		2937626		3354
623		2784		2942344		3362
624		2781		2947059		3353
625		2794		2951775		3355
626		2773		2956492		3354
627		2790		2961209		3350
628		2778		2965920		3348
629		2768		2970635		3365
630		2768		2975351		3364
631		2755		2980066		3354
632		2761		2984784		3365
633		2739		2989501		3354
634		2763		2994217		3360
635		2772		2998933		3366
636		2746		3003651		3363
637		2758		3008367		3351
638		2748		3013082		3347
639		2768		3017795		3352
640		2734		3022509		3369
641		2752		3027225		3360
642		2747		3031935		3355
643		2731		3036649		3359
644		2732		3041364		3357
645		2733		3046082		3373
646		2733		3050799		3358
647		2730		3055515		3363
648		2733		3060230		3367
649		2718		3064945		3368
650		2718		3069663		3352
651		2709		3074379		3353
652		2710		3079092		3365
653		2699		3083809		3361
654		2700		3088525		3364
655		2679		3093239		3365
656		2722		3097955		3365
657		2665		3102667		3353
658		2667		3107382		3358
659		2688		3112097		3352
660		2689		3116812		3356
661		2695		3121530		3356
662		2708		3126247		3355
663		2694		3130963		3361
664		2693		3135679		3373
665		2677		3140395		3353
666		2696		3145107		3345
667		2689		3149822		3348
668		2701		3154537		3357
669		2692		3159250		3355
670		2677		3163962		3358
671		2669		3168679		3360
672		2677		3173397		3356
673		2683		3178114		3354
674		2698		3182831		3352
675		2695		3187545		3348
676		2680		3192259		3338
677		2681		3196973		3352
678		2697		3201687		3356
679		2689		3206404		3356
680		2689		3211120		3348
681		2688		3215830		3347
682		2693		3220546		3350
683		2682		3225263		3356
684		2685		3229981		3365
685		2684		3234698		3378
686		2676		3239413		3373
687		2693		3244127		3361
688		2708		3248844		3366
689		2698		3253561		3358
690		2697		3258275		3360
691		2696		3262990		3350
692		2693		3267705		3352
693		2696		3272421		3345
694		2714		3277135		3340
695		2689		3281853		3335
696		2685		3286570		3345
697		2669		3291288		3333
698		2668		3296003		3349
699		2672		3300716		3352
700		2664		3305432		3347
701		2742		3310150		3352
702		2751		3314869		3350
703		2757		3319589		3335
704		2775		3324308		3338
705		2758		3329025		3343
706		2780		3333745		3354
707		2792		3338461		3356
708		2760		3343180		3359
709		2743		3347897		3357
710		2752		3352613		3354
711		2734		3357333		3343
712		2755		3362053		3351
713		2728		3366768		3350
714		2738		3371483		3340
715		2737		3376200		3341
716		2725		3380918		3358
717		2725		3385633		3358
718		2697		3390349		3355
719		2711		3395065		3360
720		2694		3399784		3353
721		2691		3404497		3348
722		2688		3409213		3360
723		2680		3413929		3350
724		2696		3418643		3352
725		2696		3423357		3346
726		2673		3428075		3341
727		2677		3432792		3349
728		2670		3437510		3331
729		2666		3442225		3333
730		2659		3446939		3336
731		2671		3451651		3347
732		2673		3456369		3343
733		2670		3461079		3338
734		2663		3465796		3339
735		2647		3470511		3338
736		2660		3475226		3345
737		2649		3479940		3342
738		2661		3484658		3336
739		2647		3489374		3349
740		2631		3494091		3337
741		2649		3498810		3344
742		2627		3503527		3348
743		2635		3508244		3343
744		2645		3512962		3352
745		2639		3517682		3350
746		2657		3522398		3353
747		2647		3527115		3358
748		2659		3531833		3345
749		2652		3536548		3359
750		2637		3541264		3342
751		2629		3545980		3352
752		2639		3550693		3351
753		2649		3555408		3343
754		2651		3560125		3346
755		2653		3564838		3352
756		2636		3569555		3347
757		2624		3574269		3360
758		2626		3578984		3355
759		2615		3583704		3353
760		2630		3588422		3351
761		2624		3593137		3352
762		2600		3597852		3357
763		2623		3602572		3343
764		2588		3607291		3341
765		2614		3612002		3349
766		2620		3616721		3346
767		2627		3621437		3339
768		2634		3626149		3344
769		2618		3630866		3339
770		2620		3635583		3353
771		2646		3640300		3355
772		2649		3645017		3342
773		2609		3649733		3347
774		2609		3654449		3354
775		2598		3659163		3348
776		2600		3663881		3353
777		2610		3668599		3350
778		2600		3673315		3349
779		2600		3678032		3349
780		2594		3682751		3351
781		2619		3687470		3351
782		2615		3692185		3347
783		2610		3696899		3340
784		2602		3701616		3342
785		2592		3706332		3349
786		2594		3711046		3342
787		2592		3715761		3346
788		2594		3720474		3337
789		2579		3725192		3350
790		2593		3729907		3350
791		2591		3734623		3348
792		2577		3739334		3347
793		2585		3744052		3338
794		2590		3748767		3354
795		2611		3753484		3344
796		2598		3758198		3342
797		2585		3762913		3336
798		2589		3767628		3359
799		2574		3772344		3350
800		2586		3777061		3342
801		2632		3781780		3355
802		2670		3786499		3358
803		2690		3791219		3355
804		2703		3795939		3348
805		2682		3800657		3353
806		2665		3805376		3343
807		2686		3810093		3344
808		2680		3814810		3349
809		2690		3819528		3358
810		2670		3824246		3354
811		2663		3828963		3339
812		2656		3833680		3337
813		2662		3838395		3336
814		2663		3843114		3350
815		2645		3847830		3342
816		2661		3852547		3345
817		2656		3857265		3343
818		2651		3861984		3346
819		2654		3866697		3353
820		2633		3871414		3359
821		2625		3876127		3357
822		2620		3880843		3361
823		2617		3885560		3345
824		2573		3890274		3343
825		2576		3894989		3344
826		2605		3899704		3357
827		2598		3904419		3343
828		2600		3909133		3343
829		2583		3913849		3348
830		2588		3918562		3344
831		2595		3923280		3351
832		2612		3927996		3350
833		2603		3932707		3352
834		2595		3937425		3335
835		2588		3942139		3339
836		2582		3946857		3337
837		2564		3951573		3332
838		2565		3956292		3337
839		2553		3961009		3339
840		2561		3965728		3347
841		2582		3970446		3340
842		2574		3975162		3341
843		2563		3979875		3347
844		2560		3984594		3352
845		2559		3989306		3341
846		2566		3994021		3343
847		2560		3998738		3353
848		2561		4003455		3337
849		2559		4008170		3339
850		2547		4012886		3345
851		2552		4017606		3340
852		2541		4022319		3348
853		2547		4027032		3350
854		2546		4031751		3344
855		2538		4036464		3353
856		2530		4041183		3340
857		2550		4045897		3336
858		2556		4050614		3341
859		2566		4055332		3342
860		2553		4060049		3336
861		2552		4064763		3343
862		2559		4069478		3335
863		2572		4074193		3344
864		2552		4078906		3337
865		2559		4083624		3354
866		2539		4088341		3345
867		2564		4093055		3337
868		2575		4097772		3346
869		2550		4102487		3351
870		2538		4107203		3355
871		2544		4111918		3348
872		2559		4116634		3345
873		2552		4121348		3342
874		2566		4126065		3330
875		2565		4130781		3338
876		2550		4135497		3319
877		2559		4140214		3333
878		2570		4144931		3331
879		2550		4149648		3323
880		2560		4154365		3329
881		2548		4159081		3334
882		2546		4163799		3329
883		2554		4168518		3326
884		2560		4173236		3325
885		2553		4177952		3327
886		2572		4182670		3328
887		2544		4187384		3334
888		2547		4192097		3325
889		2554		4196814		3332
890		2537		4201530		3338
891		2553		4206250		3346
892		2553		4210965		3347
893		2561		4215680		3352
894		2532		4220394		3346
895		2521		4225110		3349
896		2515		4229823		3327
897		2524		4234536		3332
898		2520		4239250		3336
899		2514		4243964		3339
900		2529		4248682		3336
901		2583		4253402		3335
902		2625		4258122		3327
903		2647		4262842		3331
904		2639		4267561		3331
905		2633		4272278		3338
906		2628		4276996		3348
907		2637		4281716		3345
908		2645		4286435		3343
909		2642		4291154		3332
910		2648		4295874		3327
911		2623		4300592		3339
912		2625		4305310		3324
913		2626		4310027		3332
914		2630		4314743		3346
915		2626		4319459		3353
916		2612		4324176		3346
917		2616		4328893		3329
918		2625		4333610		3326
919		2583		4338321		3332
920		2586		4343036		3324
921		2590		4347754		3321
922		2581		4352472		3329
923		2578		4357188		3340
924		2569		4361904		3339
925		2574		4366621		3334
926		2561		4371335		3343
927		2568		4376053		3331
928		2558		4380771		3347
929		2549		4385490		3332
930		2558		4390206		3334
931		2550		4394921		3330
932		2559		4399635		3346
933		2540		4404349		3352
934		2545		4409064		3336
935		2540		4413781		3331
936		2540		4418498		3332
937		2545		4423213		3335
938		2541		4427929		3337
939		2546		4432645		3332
940		2535		4437360		3340
941		2524		4442077		3327
942		2495		4446793		3335
943		2512		4451510		3333
944		2522		4456227		3334
945		2534		4460945		3325
946		2547		4465663		3340
947		2527		4470379		3345
948		2506		4475096		3340
949		2514		4479812		3331
950		2511		4484530		3344
951		2510		4489245		3330
952		2516		4493959		3340
953		2507		4498674		3338
954		2503		4503386		3331
955		2527		4508100		3340
956		2510		4512816		3344
957		2528		4517534		3343
958		2530		4522250		3331
959		2546		4526966		3339
960		2548		4531682		3339
961		2552		4536400		3337
962		2544		4541118		3333
963		2527		4545836		3334
964		2520		4550554		3334
965		2534		4555270		3345
966		2526		4559989		3351
967		2506		4564705		3335
968		2529		4569421		3351
969		2537		4574137		3348
970		2516		4578856		3328
971		2525		4583567		3333
972		2528		4588284		3331
973		2532		4593002		3326
974		2523		4597715		3322
975		2518		4602429		3325
976		2499		4607141		3331
977		2500		4611858		3330
978		2488		4616571		3327
979		2497		4621290		3329
980		2490		4626007		3324
981		2501		4630721		3324
982		2494		4635436		3330
983		2496		4640149		3328
984		2511		4644862		3323
985		2525		4649580		3316
986		2520		4654294		3318
987		2524		4659007		3324
988		2518		4663723		3314
989		2525		4668439		3322
990		2489		4673157		3333
991		2490		4677872		3330
992		2501		4682587		3322
993		2519		4687299		3322
994		2501		4692013		3323
995		2510		4696733		3324
996		2510		4701445		3314
997		2485		4706163		3321
998		2488		4710875		3309
999		2482		4715592		3322
