# Migration is number of nodes that have changed color.

Round		Edge-Cut		Swaps		Migrations		Skipped
0		8916		4719		2995
1		8038		9436		2998
2		7507		14156		3048
3		7264		18874		3031
4		6883		23591		3051
5		6696		28306		3114
6		6460		33023		3109
7		6309		37739		3092
8		6178		42455		3119
9		6040		47174		3130
10		5916		51893		3131
11		5802		56608		3130
12		5733		61322		3143
13		5642		66037		3177
14		5589		70756		3142
15		5530		75472		3134
16		5446		80188		3127
17		5355		84904		3122
18		5235		89619		3138
19		5231		94335		3148
20		5169		99051		3185
21		5098		103762		3162
22		5066		108476		3148
23		4978		113186		3166
24		4950		117901		3168
25		4951		122616		3160
26		4899		127333		3155
27		4857		132045		3162
28		4827		136761		3164
29		4763		141480		3166
30		4744		146196		3171
31		4734		150904		3173
32		4701		155622		3190
33		4675		160340		3168
34		4654		165053		3199
35		4599		169767		3210
36		4520		174480		3163
37		4539		179192		3190
38		4505		183902		3166
39		4500		188613		3185
40		4495		193323		3186
41		4439		198031		3154
42		4386		202742		3172
43		4405		207457		3168
44		4406		212167		3173
45		4410		216880		3163
46		4392		221594		3179
47		4344		226311		3185
48		4346		231024		3207
49		4315		235733		3174
50		4305		240448		3182
51		4323		245160		3177
52		4285		249871		3169
53		4300		254581		3211
54		4276		259294		3200
55		4283		264006		3183
56		4294		268721		3193
57		4260		273433		3197
58		4246		278147		3200
59		4207		282863		3203
60		4190		287578		3192
61		4209		292288		3179
62		4216		297004		3197
63		4183		301719		3186
64		4134		306433		3175
65		4128		311142		3196
66		4125		315855		3201
67		4115		320565		3203
68		4104		325281		3202
69		4125		329997		3196
70		4089		334709		3200
71		4070		339423		3198
72		4058		344137		3208
73		4066		348849		3208
74		4046		353560		3185
75		4044		358277		3202
76		4013		362988		3201
77		4016		367696		3196
78		4014		372412		3194
79		4016		377124		3199
80		4001		381839		3210
81		3997		386552		3200
82		3976		391267		3208
83		3978		395984		3213
84		3972		400698		3208
85		3975		405409		3216
86		3963		410125		3211
87		3945		414842		3219
88		3984		419558		3235
89		3967		424266		3221
90		3956		428980		3224
91		3929		433697		3242
92		3897		438408		3244
93		3894		443119		3237
94		3924		447829		3244
95		3874		452540		3216
96		3884		457257		3251
97		3857		461971		3260
98		3846		466677		3256
99		3872		471392		3274
100		3886		476103		3238
101		3861		480818		3218
102		3848		485530		3231
103		3835		490241		3251
104		3808		494959		3243
105		3803		499673		3227
106		3788		504387		3225
107		3778		509100		3230
108		3768		513814		3226
109		3778		518528		3218
110		3783		523243		3214
111		3810		527955		3223
112		3737		532669		3226
113		3753		537377		3220
114		3787		542089		3224
115		3760		546799		3238
116		3752		551512		3238
117		3748		556225		3245
118		3735		560938		3239
119		3720		565651		3226
120		3724		570364		3239
121		3722		575075		3225
122		3728		579789		3248
123		3722		584499		3235
124		3699		589212		3237
125		3704		593926		3237
126		3680		598637		3232
127		3680		603350		3234
128		3722		608064		3233
129		3688		612772		3236
130		3671		617485		3235
131		3676		622198		3244
132		3655		626911		3221
133		3686		631625		3227
134		3664		636340		3224
135		3699		641054		3227
136		3671		645768		3222
137		3667		650478		3230
138		3668		655191		3243
139		3674		659904		3246
140		3683		664622		3242
141		3697		669334		3210
142		3687		674041		3223
143		3679		678750		3231
144		3673		683458		3223
145		3658		688172		3248
146		3674		692888		3243
147		3687		697605		3238
148		3655		702320		3240
149		3661		707034		3242
150		3651		711747		3240
151		3646		716463		3251
152		3629		721173		3245
153		3630		725884		3217
154		3640		730600		3224
155		3595		735310		3236
156		3573		740017		3235
157		3574		744732		3238
158		3597		749445		3234
159		3571		754155		3240
160		3578		758868		3238
161		3591		763582		3231
162		3605		768293		3244
163		3589		773006		3247
164		3566		777718		3240
165		3546		782431		3243
166		3558		787145		3248
167		3569		791858		3253
168		3559		796572		3234
169		3552		801286		3251
170		3542		805996		3248
171		3536		810712		3244
172		3528		815425		3251
173		3555		820136		3248
174		3518		824847		3247
175		3514		829556		3246
176		3513		834265		3253
177		3507		838976		3246
178		3512		843690		3235
179		3523		848405		3232
180		3508		853119		3249
181		3530		857834		3231
182		3518		862548		3242
183		3536		867263		3245
184		3489		871975		3265
185		3486		876687		3258
186		3498		881399		3257
187		3493		886117		3264
188		3498		890829		3270
189		3495		895543		3257
190		3478		900255		3247
191		3468		904966		3242
192		3474		909678		3245
193		3490		914394		3261
194		3479		919108		3256
195		3487		923822		3255
196		3457		928535		3245
197		3464		933247		3249
198		3475		937964		3244
199		3467		942679		3238
200		3462		947395		3246
201		3465		952113		3243
202		3459		956824		3234
203		3449		961541		3231
204		3434		966254		3226
205		3447		970969		3241
206		3448		975681		3242
207		3438		980394		3234
208		3438		985110		3250
209		3412		989825		3235
210		3413		994536		3240
211		3431		999251		3248
212		3420		1003963		3247
213		3452		1008671		3239
214		3422		1013386		3235
215		3420		1018101		3241
216		3408		1022814		3229
217		3400		1027524		3227
218		3385		1032237		3234
219		3366		1036951		3234
220		3357		1041661		3227
221		3368		1046374		3234
222		3377		1051091		3247
223		3358		1055804		3245
224		3370		1060520		3252
225		3359		1065236		3254
226		3365		1069949		3247
227		3353		1074664		3250
228		3328		1079379		3249
229		3327		1084092		3263
230		3305		1088807		3261
231		3331		1093518		3257
232		3324		1098233		3256
233		3321		1102950		3245
234		3320		1107667		3243
235		3327		1112379		3241
236		3334		1117089		3253
237		3344		1121802		3250
238		3348		1126514		3256
239		3316		1131228		3243
240		3305		1135942		3239
241		3289		1140655		3255
242		3299		1145367		3245
243		3283		1150082		3250
244		3313		1154796		3247
245		3307		1159511		3259
246		3307		1164223		3275
247		3314		1168932		3259
248		3311		1173646		3256
249		3324		1178361		3248
250		3324		1183073		3280
251		3324		1187792		3259
252		3334		1192509		3244
253		3326		1197224		3250
254		3342		1201941		3254
255		3351		1206654		3253
256		3315		1211373		3259
257		3334		1216086		3240
258		3369		1220801		3242
259		3377		1225519		3247
260		3372		1230234		3251
261		3359		1234950		3250
262		3357		1239662		3248
263		3322		1244380		3249
264		3329		1249094		3250
265		3333		1253808		3243
266		3356		1258524		3243
267		3338		1263236		3249
268		3344		1267952		3255
269		3310		1272668		3258
270		3336		1277385		3254
271		3342		1282100		3260
272		3339		1286818		3262
273		3313		1291532		3262
274		3315		1296248		3261
275		3314		1300967		3263
276		3303		1305684		3259
277		3309		1310402		3278
278		3312		1315118		3269
279		3324		1319833		3267
280		3317		1324550		3287
281		3314		1329264		3295
282		3312		1333980		3292
283		3317		1338694		3281
284		3271		1343409		3272
285		3276		1348121		3275
286		3278		1352836		3260
287		3287		1357550		3244
288		3258		1362267		3260
289		3214		1366985		3268
290		3241		1371702		3274
291		3247		1376418		3288
292		3242		1381136		3277
293		3245		1385850		3278
294		3208		1390559		3284
295		3216		1395274		3284
296		3200		1399990		3279
297		3229		1404704		3279
298		3214		1409420		3255
299		3183		1414138		3265
300		3224		1418854		3267
301		3209		1423571		3273
302		3209		1428284		3271
303		3188		1433001		3272
304		3178		1437718		3268
305		3173		1442435		3272
306		3185		1447148		3277
307		3202		1451860		3269
308		3182		1456576		3259
309		3186		1461291		3259
310		3163		1466005		3268
311		3177		1470722		3259
312		3188		1475440		3270
313		3198		1480155		3263
314		3193		1484870		3262
315		3212		1489581		3263
316		3205		1494296		3290
317		3187		1499015		3278
318		3194		1503733		3266
319		3178		1508448		3258
320		3177		1513161		3259
321		3169		1517878		3261
322		3157		1522597		3257
323		3164		1527313		3252
324		3179		1532029		3262
325		3202		1536743		3243
326		3182		1541458		3259
327		3189		1546169		3267
328		3192		1550884		3273
329		3216		1555598		3264
330		3203		1560311		3262
331		3231		1565026		3278
332		3207		1569742		3262
333		3190		1574457		3262
334		3183		1579175		3266
335		3157		1583889		3265
336		3170		1588608		3267
337		3178		1593323		3286
338		3177		1598036		3263
339		3180		1602750		3266
340		3154		1607467		3261
341		3159		1612182		3259
342		3149		1616895		3254
343		3144		1621608		3258
344		3155		1626326		3267
345		3151		1631036		3267
346		3148		1635751		3261
347		3147		1640468		3256
348		3115		1645181		3272
349		3133		1649898		3253
350		3127		1654612		3266
351		3107		1659326		3269
352		3127		1664036		3272
353		3106		1668746		3276
354		3109		1673461		3274
355		3100		1678176		3267
356		3098		1682891		3263
357		3111		1687607		3263
358		3106		1692320		3271
359		3102		1697035		3284
360		3112		1701749		3268
361		3098		1706460		3251
362		3096		1711174		3255
363		3072		1715890		3263
364		3085		1720608		3261
365		3074		1725320		3266
366		3073		1730037		3271
367		3064		1734751		3268
368		3069		1739466		3257
369		3073		1744176		3264
370		3082		1748887		3277
371		3083		1753600		3280
372		3071		1758317		3272
373		3075		1763030		3287
374		3096		1767744		3282
375		3069		1772459		3282
376		3061		1777175		3288
377		3050		1781893		3272
378		3050		1786606		3282
379		3044		1791323		3275
380		3029		1796038		3285
381		3004		1800756		3279
382		3012		1805468		3290
383		3009		1810184		3284
384		3011		1814897		3279
385		3031		1819613		3299
386		3051		1824325		3278
387		3030		1829043		3287
388		3052		1833754		3293
389		3032		1838471		3287
390		3048		1843187		3272
391		3041		1847900		3275
392		3060		1852613		3285
393		3056		1857324		3293
394		3054		1862039		3296
395		3038		1866753		3288
396		3027		1871468		3289
397		3034		1876184		3264
398		3035		1880900		3275
399		3009		1885614		3281
400		2992		1890333		3278
401		2993		1895049		3280
402		2992		1899762		3273
403		3009		1904479		3270
404		2999		1909193		3287
405		3002		1913908		3293
406		3005		1918622		3298
407		3013		1923335		3274
408		3013		1928049		3277
409		3025		1932761		3291
410		3034		1937477		3296
411		3011		1942193		3278
412		3027		1946910		3289
413		3043		1951622		3283
414		3016		1956335		3277
415		3028		1961043		3275
416		3012		1965760		3285
417		3002		1970472		3283
418		3008		1975187		3294
419		3001		1979899		3276
420		3032		1984613		3280
421		3017		1989329		3285
422		3021		1994042		3289
423		3025		1998754		3283
424		3018		2003470		3288
425		3008		2008185		3301
426		3016		2012896		3302
427		3000		2017608		3297
428		3015		2022326		3294
429		3003		2027041		3286
430		3011		2031755		3265
431		3031		2036471		3287
432		3013		2041188		3283
433		2991		2045903		3287
434		3022		2050620		3279
435		3008		2055335		3282
436		3014		2060050		3256
437		3010		2064763		3272
438		3004		2069481		3288
439		3007		2074196		3275
440		3016		2078911		3277
441		3001		2083623		3275
442		2996		2088339		3271
443		2977		2093056		3265
444		2980		2097770		3275
445		2975		2102481		3265
446		2990		2107200		3278
447		2982		2111916		3261
448		3000		2116633		3277
449		2998		2121349		3278
450		3000		2126066		3262
451		3003		2130781		3268
452		3013		2135495		3273
453		2987		2140214		3271
454		2983		2144929		3276
455		2961		2149641		3261
456		2969		2154360		3273
457		2976		2159072		3263
458		2981		2163788		3270
459		2979		2168502		3265
460		2959		2173219		3270
461		2947		2177933		3280
462		2949		2182652		3284
463		2957		2187370		3278
464		2981		2192085		3278
465		2965		2196798		3275
466		2963		2201514		3280
467		2953		2206231		3262
468		2948		2210948		3272
469		2942		2215666		3265
470		2949		2220383		3261
471		2934		2225097		3262
472		2947		2229813		3269
473		2952		2234527		3267
474		2928		2239240		3274
475		2929		2243957		3276
476		2953		2248674		3278
477		2972		2253387		3274
478		2959		2258101		3265
479		2975		2262812		3285
480		2951		2267527		3279
481		2950		2272246		3266
482		2921		2276962		3276
483		2931		2281676		3286
484		2940		2286390		3287
485		2931		2291104		3288
486		2935		2295819		3294
487		2942		2300534		3278
488		2923		2305249		3289
489		2902		2309961		3277
490		2903		2314680		3292
491		2922		2319396		3298
492		2936		2324115		3297
493		2923		2328829		3293
494		2923		2333542		3302
495		2915		2338256		3312
496		2930		2342972		3300
497		2915		2347689		3284
498		2935		2352406		3284
499		2906		2357123		3284
500		2918		2361838		3290
501		2921		2366554		3288
502		2916		2371274		3294
503		2902		2375991		3290
504		2890		2380707		3284
505		2894		2385422		3283
506		2908		2390142		3286
507		2883		2394857		3270
508		2908		2399573		3280
509		2894		2404287		3272
510		2919		2409001		3288
511		2905		2413716		3287
512		2906		2418430		3273
513		2921		2423147		3274
514		2924		2427867		3279
515		2910		2432583		3279
516		2913		2437300		3276
517		2892		2442017		3284
518		2887		2446734		3284
519		2870		2451446		3281
520		2871		2456159		3263
521		2901		2460873		3279
522		2884		2465588		3277
523		2884		2470306		3284
524		2893		2475021		3281
525		2886		2479738		3277
526		2896		2484454		3286
527		2877		2489169		3305
528		2883		2493882		3298
529		2873		2498598		3289
530		2866		2503313		3284
531		2887		2508028		3281
532		2888		2512743		3288
533		2865		2517458		3276
534		2875		2522173		3292
535		2877		2526890		3298
536		2854		2531607		3286
537		2868		2536323		3294
538		2883		2541035		3289
539		2896		2545750		3283
540		2876		2550465		3283
541		2863		2555180		3277
542		2862		2559892		3288
543		2876		2564605		3293
544		2875		2569324		3289
545		2875		2574042		3290
546		2857		2578755		3293
547		2870		2583466		3293
548		2872		2588179		3288
549		2858		2592891		3282
550		2863		2597605		3288
551		2870		2602317		3283
552		2860		2607035		3293
553		2855		2611751		3295
554		2846		2616466		3295
555		2854		2621182		3285
556		2834		2625888		3281
557		2847		2630603		3295
558		2819		2635317		3281
559		2817		2640031		3286
560		2802		2644746		3290
561		2823		2649464		3294
562		2819		2654183		3294
563		2793		2658900		3291
564		2777		2663615		3281
565		2778		2668325		3286
566		2788		2673042		3297
567		2786		2677757		3306
568		2790		2682472		3298
569		2771		2687187		3303
570		2781		2691898		3298
571		2772		2696614		3301
572		2785		2701330		3290
573		2795		2706044		3292
574		2794		2710759		3302
575		2788		2715475		3299
576		2787		2720193		3310
577		2786		2724908		3297
578		2801		2729622		3306
579		2796		2734338		3311
580		2810		2739053		3296
581		2795		2743766		3300
582		2812		2748478		3294
583		2811		2753197		3293
584		2818		2757913		3289
585		2820		2762630		3295
586		2805		2767345		3291
587		2809		2772060		3291
588		2795		2776774		3294
589		2816		2781489		3301
590		2821		2786202		3285
591		2835		2790919		3291
592		2810		2795635		3297
593		2809		2800351		3294
594		2825		2805067		3294
595		2833		2809782		3291
596		2803		2814495		3290
597		2803		2819210		3293
598		2801		2823924		3287
599		2805		2828638		3286
600		2832		2833348		3293
601		2798		2838066		3284
602		2808		2842783		3294
603		2814		2847499		3290
604		2789		2852215		3291
605		2774		2856932		3298
606		2761		2861647		3297
607		2780		2866362		3295
608		2772		2871079		3285
609		2775		2875796		3295
610		2796		2880510		3298
611		2772		2885224		3301
612		2785		2889938		3291
613		2790		2894655		3285
614		2788		2899373		3296
615		2792		2904088		3286
616		2797		2908803		3293
617		2795		2913521		3292
618		2776		2918236		3283
619		2776		2922953		3286
620		2796		2927667		3288
621		2805		2932383		3287
622		2787		2937099		3292
623		2780		2941814		3296
624		2785		2946531		3293
625		2777		2951250		3293
626		2771		2955965		3301
627		2785		2960681		3300
628		2770		2965395		3294
629		2767		2970110		3291
630		2769		2974823		3293
631		2757		2979535		3285
632		2770		2984252		3294
633		2766		2988969		3299
634		2747		2993686		3293
635		2750		2998401		3299
636		2769		3003115		3303
637		2745		3007830		3291
638		2732		3012546		3277
639		2759		3017262		3295
640		2747		3021977		3294
641		2741		3026694		3292
642		2740		3031409		3288
643		2737		3036128		3292
644		2746		3040841		3291
645		2735		3045557		3296
646		2730		3050273		3304
647		2728		3054990		3285
648		2739		3059706		3305
649		2737		3064415		3309
650		2736		3069135		3311
651		2736		3073852		3298
652		2718		3078566		3298
653		2742		3083278		3311
654		2734		3087993		3292
655		2737		3092708		3297
656		2752		3097426		3308
657		2743		3102143		3304
658		2743		3106856		3311
659		2727		3111574		3310
660		2730		3116289		3315
661		2733		3121005		3306
662		2745		3125720		3322
663		2731		3130434		3291
664		2736		3135148		3295
665		2716		3139865		3300
666		2710		3144580		3290
667		2703		3149297		3290
668		2711		3154013		3293
669		2705		3158726		3304
670		2708		3163440		3302
671		2683		3168155		3310
672		2709		3172871		3309
673		2705		3177586		3296
674		2689		3182300		3297
675		2706		3187017		3310
676		2716		3191733		3294
677		2709		3196449		3289
678		2696		3201161		3291
679		2712		3205878		3293
680		2725		3210594		3302
681		2722		3215311		3304
682		2721		3220029		3311
683		2727		3224745		3303
684		2725		3229461		3306
685		2732		3234174		3312
686		2715		3238889		3308
687		2734		3243602		3313
688		2727		3248315		3317
689		2741		3253029		3303
690		2736		3257747		3301
691		2725		3262464		3301
692		2706		3267179		3309
693		2723		3271895		3294
694		2720		3276610		3306
695		2706		3281325		3315
696		2724		3286041		3316
697		2724		3290752		3319
698		2739		3295465		3314
699		2724		3300184		3303
700		2735		3304898		3324
701		2721		3309610		3308
702		2735		3314328		3323
703		2733		3319045		3302
704		2725		3323762		3309
705		2748		3328475		3323
706		2747		3333192		3312
707		2739		3337906		3310
708		2742		3342624		3323
709		2735		3347340		3321
710		2729		3352053		3311
711		2736		3356767		3322
712		2709		3361483		3330
713		2712		3366199		3320
714		2704		3370913		3306
715		2699		3375629		3314
716		2710		3380346		3315
717		2709		3385061		3303
718		2699		3389779		3318
719		2694		3394491		3309
720		2717		3399206		3309
721		2705		3403919		3301
722		2726		3408637		3313
723		2736		3413351		3323
724		2713		3418068		3305
725		2729		3422784		3293
726		2739		3427499		3308
727		2712		3432216		3319
728		2705		3436931		3324
729		2719		3441649		3304
730		2703		3446362		3301
731		2691		3451078		3303
732		2706		3455794		3305
733		2665		3460509		3302
734		2665		3465223		3304
735		2669		3469939		3297
736		2672		3474657		3308
737		2671		3479371		3311
738		2679		3484084		3323
739		2678		3488797		3317
740		2676		3493511		3315
741		2672		3498226		3317
742		2676		3502942		3328
743		2673		3507658		3310
744		2661		3512374		3303
745		2685		3517086		3309
746		2698		3521800		3315
747		2699		3526518		3310
748		2706		3531237		3314
749		2690		3535953		3317
750		2670		3540670		3316
751		2684		3545387		3319
752		2686		3550099		3328
753		2698		3554815		3332
754		2697		3559532		3316
755		2676		3564249		3309
756		2687		3568960		3335
757		2693		3573676		3317
758		2674		3578389		3310
759		2659		3583105		3328
760		2686		3587822		3325
761		2710		3592537		3323
762		2689		3597253		3307
763		2699		3601969		3328
764		2698		3606687		3323
765		2724		3611402		3313
766		2725		3616117		3316
767		2714		3620829		3322
768		2695		3625548		3322
769		2687		3630261		3307
770		2697		3634977		3319
771		2694		3639695		3335
772		2693		3644412		3326
773		2695		3649130		3323
774		2704		3653848		3327
775		2699		3658565		3311
776		2678		3663275		3317
777		2670		3667991		3319
778		2673		3672707		3319
779		2665		3677424		3317
780		2685		3682134		3321
781		2676		3686848		3312
782		2683		3691566		3309
783		2672		3696281		3328
784		2666		3700998		3333
785		2648		3705715		3327
786		2630		3710429		3318
787		2627		3715145		3322
788		2627		3719863		3332
789		2632		3724576		3317
790		2624		3729292		3322
791		2637		3734008		3334
792		2650		3738726		3317
793		2644		3743439		3312
794		2640		3748158		3325
795		2637		3752875		3320
796		2640		3757592		3325
797		2637		3762304		3313
798		2637		3767023		3304
799		2619		3771738		3290
800		2648		3776454		3296
801		2633		3781172		3300
802		2644		3785889		3307
803		2645		3790605		3307
804		2648		3795321		3318
805		2643		3800038		3316
806		2632		3804755		3308
807		2645		3809469		3314
808		2650		3814182		3313
809		2652		3818893		3312
810		2666		3823611		3312
811		2648		3828326		3307
812		2652		3833039		3308
813		2657		3837750		3318
814		2674		3842466		3317
815		2643		3847185		3311
816		2636		3851898		3314
817		2642		3856614		3299
818		2663		3861330		3295
819		2658		3866044		3313
820		2666		3870759		3321
821		2652		3875474		3319
822		2643		3880187		3314
823		2629		3884899		3306
824		2642		3889610		3308
825		2660		3894325		3308
826		2657		3899042		3312
827		2647		3903759		3311
828		2633		3908473		3307
829		2643		3913192		3324
830		2643		3917901		3323
831		2639		3922616		3315
832		2661		3927334		3303
833		2653		3932049		3321
834		2664		3936761		3314
835		2668		3941476		3301
836		2649		3946194		3319
837		2628		3950910		3312
838		2639		3955628		3318
839		2640		3960342		3295
840		2645		3965056		3297
841		2656		3969771		3309
842		2656		3974489		3314
843		2658		3979205		3317
844		2663		3983922		3300
845		2656		3988637		3300
846		2657		3993352		3304
847		2666		3998065		3304
848		2656		4002782		3306
849		2659		4007500		3312
850		2627		4012215		3297
851		2632		4016929		3312
852		2633		4021643		3312
853		2657		4026358		3308
854		2645		4031072		3320
855		2657		4035788		3319
856		2639		4040504		3325
857		2626		4045222		3323
858		2657		4049939		3327
859		2651		4054657		3317
860		2656		4059371		3324
861		2650		4064086		3325
862		2638		4068800		3331
863		2634		4073515		3320
864		2615		4078231		3329
865		2620		4082948		3323
866		2616		4087662		3330
867		2615		4092376		3328
868		2629		4097091		3333
869		2639		4101808		3332
870		2629		4106524		3326
871		2621		4111241		3333
872		2615		4115951		3327
873		2627		4120668		3319
874		2612		4125383		3321
875		2616		4130101		3326
876		2640		4134813		3328
877		2635		4139529		3331
878		2625		4144247		3323
879		2634		4148964		3325
880		2619		4153679		3318
881		2631		4158396		3319
882		2625		4163114		3331
883		2611		4167827		3314
884		2615		4172543		3320
885		2619		4177260		3323
886		2647		4181977		3315
887		2617		4186692		3323
888		2620		4191409		3329
889		2629		4196124		3325
890		2624		4200840		3323
891		2627		4205556		3323
892		2618		4210275		3331
893		2613		4214987		3312
894		2615		4219702		3324
895		2612		4224419		3324
896		2607		4229137		3323
897		2590		4233849		3320
898		2584		4238561		3316
899		2601		4243280		3318
900		2621		4247997		3325
901		2616		4252714		3329
902		2607		4257431		3319
903		2604		4262149		3310
904		2604		4266864		3319
905		2588		4271577		3322
906		2607		4276295		3315
907		2624		4281008		3316
908		2624		4285727		3324
909		2617		4290439		3335
910		2596		4295155		3322
911		2616		4299869		3317
912		2598		4304586		3324
913		2596		4309306		3330
914		2614		4314019		3326
915		2597		4318739		3330
916		2616		4323457		3316
917		2575		4328177		3320
918		2568		4332896		3322
919		2586		4337611		3309
920		2584		4342325		3325
921		2577		4347041		3327
922		2572		4351756		3332
923		2568		4356471		3333
924		2558		4361185		3326
925		2578		4365897		3322
926		2595		4370616		3314
927		2584		4375335		3321
928		2575		4380052		3333
929		2558		4384769		3322
930		2548		4389482		3332
931		2560		4394198		3328
932		2564		4398915		3323
933		2567		4403633		3320
934		2575		4408349		3315
935		2566		4413065		3312
936		2546		4417780		3313
937		2558		4422496		3313
938		2568		4427212		3309
939		2570		4431928		3312
940		2573		4436645		3314
941		2571		4441361		3313
942		2576		4446076		3308
943		2568		4450792		3315
944		2588		4455507		3326
945		2597		4460226		3308
946		2585		4464943		3309
947		2581		4469658		3313
948		2573		4474374		3314
949		2575		4479088		3314
950		2582		4483805		3319
951		2573		4488522		3322
952		2564		4493239		3324
953		2586		4497956		3327
954		2591		4502672		3321
955		2595		4507385		3318
956		2565		4512102		3324
957		2587		4516818		3322
958		2594		4521535		3321
959		2592		4526249		3318
960		2592		4530966		3318
961		2591		4535682		3323
962		2583		4540398		3324
963		2584		4545113		3317
964		2589		4549831		3317
965		2592		4554543		3327
966		2602		4559258		3325
967		2599		4563973		3339
968		2594		4568687		3330
969		2580		4573404		3332
970		2571		4578121		3322
971		2580		4582839		3316
972		2562		4587554		3341
973		2555		4592269		3336
974		2562		4596985		3327
975		2549		4601703		3331
976		2564		4606418		3340
977		2557		4611131		3342
978		2578		4615844		3331
979		2561		4620556		3336
980		2574		4625267		3340
981		2577		4629981		3345
982		2568		4634701		3335
983		2578		4639417		3332
984		2574		4644133		3334
985		2612		4648849		3337
986		2570		4653567		3341
987		2570		4658284		3338
988		2569		4662999		3346
989		2571		4667715		3345
990		2580		4672432		3348
991		2566		4677151		3333
992		2568		4681867		3349
993		2562		4686581		3336
994		2577		4691299		3334
995		2573		4696013		3348
996		2557		4700730		3344
997		2555		4705444		3347
998		2538		4710161		3342
999		2532		4714878		3359
