# Migration is number of nodes that have changed color.

Round		Edge-Cut		Swaps		Migrations		Skipped
0		8874		4718		2994
1		8173		9438		3022
2		7758		14158		3063
3		7433		18878		3075
4		7139		23597		3098
5		6915		28316		3122
6		6684		33036		3122
7		6494		37756		3135
8		6274		42476		3158
9		6154		47196		3139
10		6038		51916		3180
11		6016		56636		3155
12		5861		61356		3179
13		5777		66074		3166
14		5667		70794		3156
15		5707		75514		3166
16		5630		80234		3156
17		5520		84952		3175
18		5439		89670		3182
19		5388		94387		3200
20		5343		99105		3207
21		5326		103823		3211
22		5270		108540		3241
23		5201		113259		3226
24		5131		117978		3229
25		5033		122691		3180
26		4939		127405		3193
27		4926		132122		3200
28		4808		136839		3192
29		4774		141556		3202
30		4755		146272		3202
31		4748		150989		3215
32		4746		155706		3189
33		4651		160421		3194
34		4653		165137		3216
35		4640		169849		3219
36		4606		174558		3217
37		4586		179271		3191
38		4518		183984		3202
39		4456		188700		3219
40		4423		193416		3217
41		4380		198131		3223
42		4372		202844		3219
43		4308		207564		3222
44		4310		212270		3229
45		4284		216986		3232
46		4254		221694		3223
47		4253		226406		3224
48		4216		231117		3242
49		4214		235831		3248
50		4224		240542		3250
51		4200		245257		3282
52		4181		249975		3259
53		4138		254690		3253
54		4137		259402		3244
55		4156		264118		3250
56		4144		268828		3235
57		4144		273543		3234
58		4127		278259		3236
59		4090		282971		3246
60		4084		287683		3244
61		4066		292393		3247
62		4055		297106		3264
63		4045		301816		3248
64		4064		306533		3229
65		4054		311242		3239
66		4026		315952		3266
67		3991		320670		3247
68		3988		325385		3256
69		3953		330098		3230
70		3956		334813		3245
71		3968		339531		3238
72		3971		344243		3235
73		3945		348957		3228
74		3918		353670		3246
75		3937		358381		3257
76		3931		363096		3245
77		3909		367809		3277
78		3913		372524		3256
79		3912		377238		3236
80		3908		381952		3252
81		3905		386668		3241
82		3869		391382		3237
83		3887		396091		3238
84		3857		400803		3242
85		3863		405519		3243
86		3837		410234		3254
87		3858		414947		3254
88		3840		419662		3286
89		3850		424377		3276
90		3837		429091		3269
91		3816		433803		3272
92		3805		438517		3287
93		3760		443230		3262
94		3786		447944		3287
95		3775		452658		3276
96		3786		457370		3309
97		3747		462083		3284
98		3737		466800		3278
99		3756		471508		3251
100		3762		476217		3254
101		3781		480930		3262
102		3757		485644		3256
103		3771		490356		3278
104		3776		495070		3267
105		3732		499784		3256
106		3721		504498		3265
107		3698		509211		3276
108		3730		513929		3250
109		3731		518644		3265
110		3777		523360		3268
111		3743		528070		3273
112		3743		532787		3265
113		3732		537504		3279
114		3698		542218		3277
115		3682		546931		3268
116		3686		551645		3278
117		3706		556359		3255
118		3700		561072		3263
119		3705		565785		3273
120		3691		570497		3265
121		3650		575209		3261
122		3634		579919		3265
123		3643		584630		3267
124		3639		589344		3269
125		3652		594058		3266
126		3632		598771		3272
127		3636		603484		3276
128		3628		608196		3269
129		3613		612910		3263
130		3612		617622		3256
131		3608		622331		3271
132		3589		627046		3280
133		3626		631762		3289
134		3608		636470		3300
135		3613		641181		3278
136		3570		645885		3287
137		3564		650596		3283
138		3561		655311		3272
139		3570		660026		3282
140		3559		664743		3267
141		3544		669458		3285
142		3545		674172		3279
143		3543		678881		3279
144		3535		683593		3282
145		3535		688308		3284
146		3526		693024		3265
147		3524		697734		3276
148		3522		702444		3278
149		3528		707159		3273
150		3518		711870		3253
151		3521		716580		3250
152		3544		721295		3238
153		3559		726005		3263
154		3532		730718		3244
155		3488		735434		3248
156		3485		740146		3236
157		3501		744860		3246
158		3498		749572		3244
159		3519		754281		3272
160		3521		758993		3261
161		3511		763709		3252
162		3492		768423		3266
163		3489		773135		3257
164		3508		777850		3268
165		3482		782556		3258
166		3490		787270		3246
167		3482		791985		3251
168		3493		796703		3260
169		3471		801418		3268
170		3468		806130		3279
171		3461		810844		3273
172		3468		815557		3277
173		3460		820275		3265
174		3492		824989		3269
175		3488		829704		3277
176		3500		834420		3274
177		3452		839131		3279
178		3435		843845		3279
179		3442		848561		3276
180		3469		853278		3278
181		3448		857992		3277
182		3455		862706		3264
183		3453		867420		3261
184		3432		872131		3276
185		3452		876846		3264
186		3458		881562		3263
187		3464		886273		3263
188		3453		890987		3257
189		3451		895701		3251
190		3441		900415		3258
191		3455		905124		3248
192		3452		909842		3255
193		3450		914559		3245
194		3407		919271		3262
195		3438		923983		3243
196		3409		928697		3243
197		3412		933409		3262
198		3420		938126		3252
199		3434		942840		3259
200		3422		947547		3249
201		3428		952264		3259
202		3415		956978		3267
203		3409		961691		3265
204		3415		966403		3271
205		3428		971118		3274
206		3422		975833		3270
207		3365		980548		3271
208		3421		985257		3263
209		3416		989972		3272
210		3406		994680		3281
211		3394		999396		3265
212		3399		1004107		3254
213		3379		1008821		3262
214		3390		1013534		3251
215		3394		1018246		3260
216		3369		1022958		3267
217		3353		1027672		3280
218		3364		1032386		3263
219		3366		1037099		3268
220		3343		1041814		3263
221		3367		1046529		3254
222		3336		1051246		3258
223		3364		1055961		3258
224		3344		1060680		3259
225		3359		1065393		3250
226		3350		1070107		3260
227		3347		1074823		3260
228		3340		1079536		3261
229		3334		1084249		3256
230		3341		1088960		3254
231		3333		1093678		3261
232		3283		1098389		3262
233		3285		1103100		3255
234		3316		1107815		3260
235		3313		1112532		3260
236		3317		1117240		3257
237		3310		1121953		3266
238		3309		1126666		3259
239		3318		1131383		3252
240		3311		1136098		3262
241		3309		1140813		3262
242		3321		1145523		3256
243		3305		1150236		3254
244		3291		1154949		3260
245		3292		1159661		3263
246		3291		1164376		3265
247		3308		1169093		3266
248		3296		1173811		3278
249		3300		1178526		3265
250		3314		1183239		3259
251		3365		1187959		3268
252		3408		1192678		3260
253		3357		1197396		3259
254		3383		1202114		3263
255		3434		1206834		3266
256		3416		1211554		3232
257		3424		1216273		3248
258		3462		1220992		3255
259		3458		1225711		3251
260		3454		1230431		3252
261		3469		1235150		3246
262		3466		1239869		3246
263		3477		1244588		3246
264		3488		1249307		3254
265		3505		1254027		3243
266		3503		1258746		3259
267		3500		1263464		3260
268		3525		1268183		3252
269		3521		1272901		3264
270		3487		1277620		3258
271		3465		1282335		3245
272		3469		1287055		3241
273		3458		1291772		3264
274		3417		1296489		3279
275		3398		1301209		3260
276		3422		1305924		3236
277		3388		1310644		3238
278		3378		1315363		3251
279		3380		1320079		3248
280		3406		1324793		3242
281		3392		1329509		3265
282		3386		1334226		3251
283		3398		1338940		3253
284		3372		1343657		3254
285		3356		1348372		3265
286		3347		1353090		3271
287		3348		1357806		3249
288		3358		1362523		3276
289		3349		1367241		3261
290		3356		1371954		3274
291		3314		1376672		3266
292		3312		1381382		3261
293		3328		1386099		3264
294		3312		1390816		3256
295		3324		1395531		3267
296		3319		1400245		3278
297		3316		1404963		3286
298		3321		1409677		3272
299		3285		1414393		3266
300		3306		1419107		3276
301		3314		1423824		3283
302		3309		1428542		3273
303		3270		1433257		3274
304		3259		1437973		3281
305		3289		1442685		3275
306		3265		1447398		3287
307		3249		1452114		3289
308		3251		1456830		3291
309		3265		1461546		3292
310		3242		1466263		3303
311		3241		1470976		3280
312		3245		1475693		3281
313		3219		1480409		3286
314		3232		1485124		3286
315		3230		1489837		3283
316		3232		1494552		3285
317		3220		1499267		3269
318		3221		1503983		3276
319		3231		1508699		3291
320		3233		1513417		3268
321		3235		1518134		3268
322		3223		1522848		3261
323		3219		1527562		3264
324		3204		1532277		3262
325		3194		1536988		3254
326		3215		1541699		3266
327		3202		1546416		3258
328		3228		1551125		3272
329		3237		1555837		3277
330		3237		1560554		3287
331		3229		1565272		3276
332		3187		1569985		3259
333		3182		1574702		3255
334		3176		1579420		3272
335		3172		1584134		3273
336		3160		1588847		3275
337		3177		1593564		3278
338		3158		1598280		3270
339		3156		1602995		3265
340		3160		1607712		3282
341		3162		1612427		3275
342		3150		1617143		3285
343		3142		1621857		3275
344		3163		1626573		3285
345		3131		1631290		3282
346		3116		1636002		3275
347		3112		1640715		3277
348		3128		1645429		3291
349		3145		1650143		3275
350		3137		1654856		3281
351		3113		1659575		3275
352		3118		1664292		3282
353		3129		1669006		3279
354		3107		1673715		3288
355		3095		1678429		3283
356		3085		1683145		3295
357		3108		1687861		3293
358		3093		1692572		3294
359		3110		1697288		3283
360		3103		1702004		3278
361		3102		1706722		3279
362		3087		1711439		3294
363		3064		1716150		3274
364		3070		1720869		3265
365		3077		1725582		3262
366		3070		1730292		3294
367		3063		1735001		3298
368		3058		1739717		3282
369		3043		1744431		3282
370		3046		1749144		3289
371		3046		1753856		3278
372		3040		1758573		3291
373		3034		1763289		3276
374		3029		1767998		3278
375		3030		1772715		3282
376		3035		1777432		3286
377		3044		1782148		3285
378		3036		1786861		3279
379		3045		1791577		3276
380		3040		1796292		3260
381		3051		1801006		3272
382		3035		1805723		3274
383		3040		1810437		3282
384		3047		1815152		3262
385		3027		1819865		3274
386		3042		1824579		3279
387		3029		1829288		3289
388		3036		1834000		3290
389		3026		1838711		3289
390		3040		1843428		3287
391		3040		1848143		3281
392		3021		1852860		3273
393		3019		1857573		3283
394		3014		1862288		3274
395		3021		1867003		3267
396		3046		1871715		3274
397		3044		1876427		3285
398		3028		1881141		3286
399		3040		1885853		3280
400		3042		1890566		3283
401		3041		1895282		3284
402		3057		1899997		3279
403		3048		1904717		3285
404		3077		1909432		3281
405		3077		1914149		3293
406		3064		1918865		3285
407		3065		1923580		3286
408		3064		1928294		3288
409		3070		1933013		3301
410		3065		1937726		3287
411		3034		1942440		3287
412		3036		1947154		3291
413		3023		1951866		3283
414		3034		1956577		3281
415		3054		1961292		3280
416		3051		1966009		3285
417		3051		1970725		3287
418		3044		1975438		3286
419		3040		1980151		3283
420		3041		1984867		3292
421		3041		1989577		3279
422		3048		1994293		3276
423		3027		1999010		3285
424		3044		2003723		3291
425		3062		2008438		3287
426		3083		2013148		3287
427		3052		2017860		3276
428		3042		2022575		3289
429		3037		2027286		3292
430		3019		2031999		3294
431		3042		2036715		3284
432		3035		2041430		3278
433		3016		2046144		3292
434		3040		2050858		3305
435		3041		2055572		3285
436		3039		2060290		3286
437		3014		2065006		3297
438		3002		2069724		3288
439		3000		2074436		3290
440		2994		2079151		3298
441		2996		2083866		3302
442		3006		2088581		3298
443		2995		2093292		3305
444		3000		2098004		3302
445		2990		2102721		3302
446		3002		2107435		3292
447		2971		2112151		3306
448		2995		2116865		3292
449		3014		2121580		3280
450		3014		2126291		3288
451		3013		2131005		3283
452		3008		2135720		3275
453		2992		2140436		3279
454		3002		2145147		3279
455		2992		2149861		3267
456		2979		2154578		3281
457		2980		2159291		3280
458		2962		2164005		3271
459		2972		2168718		3274
460		3000		2173428		3268
461		2990		2178146		3268
462		3002		2182862		3285
463		2978		2187580		3292
464		2998		2192297		3283
465		2996		2197012		3282
466		2991		2201729		3285
467		2978		2206445		3292
468		2986		2211158		3288
469		2986		2215876		3283
470		2988		2220591		3270
471		2987		2225306		3267
472		2997		2230020		3270
473		3008		2234733		3268
474		3018		2239449		3277
475		2971		2244166		3279
476		2971		2248880		3269
477		2967		2253598		3291
478		2975		2258312		3285
479		2959		2263029		3267
480		2949		2267741		3266
481		2946		2272454		3263
482		2941		2277172		3259
483		2943		2281882		3257
484		2957		2286599		3263
485		2935		2291316		3274
486		2953		2296033		3285
487		2951		2300750		3284
488		2953		2305464		3285
489		2993		2310175		3282
490		2983		2314884		3270
491		2976		2319600		3280
492		2973		2324317		3265
493		2980		2329035		3276
494		2976		2333751		3277
495		2994		2338463		3262
496		3012		2343175		3274
497		3026		2347891		3284
498		3012		2352609		3275
499		3005		2357324		3277
500		3000		2362040		3279
501		3031		2366759		3301
502		3073		2371477		3284
503		3103		2376197		3306
504		3134		2380917		3285
505		3141		2385637		3286
506		3166		2390354		3287
507		3166		2395074		3309
508		3198		2399792		3312
509		3188		2404508		3320
510		3198		2409227		3314
511		3167		2413944		3306
512		3181		2418663		3319
513		3186		2423381		3327
514		3184		2428100		3322
515		3160		2432820		3320
516		3183		2437540		3316
517		3161		2442260		3310
518		3145		2446975		3309
519		3129		2451692		3302
520		3086		2456409		3329
521		3126		2461126		3338
522		3119		2465845		3337
523		3079		2470562		3325
524		3050		2475280		3337
525		3043		2479999		3308
526		3045		2484714		3315
527		3034		2489430		3318
528		3049		2494147		3318
529		3037		2498862		3318
530		3033		2503579		3315
531		3036		2508291		3333
532		3044		2513008		3346
533		3052		2517724		3344
534		3027		2522442		3321
535		3014		2527160		3336
536		2985		2531876		3337
537		2987		2536594		3337
538		2977		2541311		3333
539		2978		2546023		3342
540		2970		2550737		3335
541		2984		2555453		3326
542		2986		2560167		3339
543		2983		2564880		3330
544		2992		2569596		3340
545		2973		2574312		3327
546		2978		2579026		3326
547		2960		2583742		3331
548		2981		2588454		3320
549		3001		2593172		3332
550		3011		2597888		3307
551		3013		2602604		3321
552		3006		2607320		3330
553		3000		2612036		3316
554		2994		2616753		3324
555		2998		2621469		3326
556		3000		2626184		3331
557		3008		2630901		3341
558		2975		2635618		3331
559		2939		2640338		3338
560		2937		2645051		3339
561		2941		2649769		3334
562		2935		2654481		3344
563		2941		2659192		3338
564		2962		2663904		3346
565		2967		2668620		3329
566		2959		2673335		3344
567		2956		2678050		3337
568		2946		2682763		3342
569		2948		2687483		3333
570		2951		2692200		3335
571		2944		2696917		3346
572		2938		2701634		3343
573		2906		2706352		3354
574		2895		2711069		3354
575		2924		2715787		3346
576		2919		2720500		3342
577		2929		2725217		3335
578		2909		2729935		3327
579		2910		2734647		3329
580		2888		2739358		3345
581		2899		2744069		3341
582		2900		2748785		3339
583		2887		2753494		3342
584		2897		2758210		3328
585		2900		2762925		3337
586		2894		2767640		3335
587		2882		2772350		3346
588		2858		2777063		3350
589		2885		2781777		3343
590		2892		2786493		3337
591		2885		2791209		3317
592		2898		2795921		3337
593		2885		2800638		3342
594		2866		2805352		3327
595		2867		2810065		3326
596		2855		2814779		3328
597		2860		2819490		3332
598		2861		2824208		3349
599		2872		2828926		3337
600		2853		2833639		3328
601		2849		2838355		3328
602		2855		2843071		3324
603		2874		2847789		3345
604		2842		2852506		3330
605		2856		2857218		3326
606		2868		2861933		3330
607		2867		2866649		3340
608		2864		2871365		3321
609		2891		2876083		3326
610		2891		2880801		3326
611		2881		2885515		3349
612		2886		2890233		3340
613		2877		2894949		3321
614		2862		2899665		3334
615		2856		2904377		3337
616		2836		2909093		3337
617		2827		2913806		3331
618		2840		2918523		3331
619		2846		2923236		3328
620		2857		2927947		3335
621		2855		2932664		3332
622		2841		2937380		3331
623		2857		2942096		3340
624		2841		2946812		3351
625		2827		2951525		3353
626		2821		2956242		3348
627		2826		2960954		3339
628		2827		2965671		3348
629		2840		2970386		3337
630		2817		2975104		3348
631		2814		2979819		3339
632		2808		2984535		3330
633		2814		2989250		3327
634		2837		2993962		3331
635		2827		2998674		3334
636		2830		3003390		3339
637		2811		3008099		3337
638		2804		3012816		3340
639		2818		3017533		3339
640		2816		3022252		3335
641		2813		3026971		3341
642		2815		3031685		3343
643		2820		3036398		3343
644		2803		3041110		3342
645		2803		3045827		3335
646		2814		3050544		3332
647		2791		3055261		3333
648		2774		3059978		3336
649		2778		3064694		3336
650		2767		3069408		3345
651		2780		3074127		3339
652		2784		3078844		3332
653		2785		3083559		3342
654		2781		3088275		3351
655		2792		3092992		3334
656		2810		3097707		3339
657		2820		3102425		3333
658		2815		3107140		3339
659		2802		3111858		3342
660		2772		3116572		3344
661		2790		3121288		3340
662		2792		3126006		3346
663		2769		3130721		3327
664		2768		3135435		3335
665		2761		3140152		3326
666		2763		3144869		3341
667		2761		3149585		3345
668		2760		3154298		3340
669		2744		3159010		3340
670		2761		3163726		3353
671		2747		3168439		3346
672		2758		3173156		3344
673		2750		3177866		3343
674		2746		3182581		3342
675		2756		3187299		3339
676		2736		3192015		3332
677		2740		3196734		3332
678		2751		3201450		3338
679		2762		3206166		3337
680		2766		3210883		3324
681		2761		3215598		3350
682		2764		3220314		3343
683		2735		3225030		3342
684		2744		3229748		3348
685		2743		3234463		3334
686		2739		3239177		3344
687		2715		3243892		3341
688		2736		3248608		3345
689		2731		3253322		3350
690		2732		3258031		3354
691		2725		3262747		3344
692		2729		3267462		3346
693		2735		3272175		3354
694		2740		3276893		3346
695		2739		3281606		3346
696		2740		3286323		3348
697		2724		3291037		3355
698		2716		3295752		3352
699		2712		3300467		3360
700		2720		3305183		3353
701		2724		3309902		3350
702		2712		3314617		3347
703		2705		3319334		3341
704		2708		3324048		3341
705		2709		3328764		3348
706		2727		3333481		3351
707		2734		3338198		3350
708		2707		3342914		3349
709		2701		3347629		3346
710		2710		3352346		3341
711		2712		3357059		3333
712		2694		3361776		3349
713		2715		3366490		3340
714		2718		3371207		3345
715		2699		3375920		3341
716		2683		3380632		3331
717		2710		3385346		3334
718		2719		3390064		3333
719		2725		3394777		3339
720		2733		3399492		3334
721		2736		3404209		3335
722		2739		3408928		3337
723		2746		3413644		3326
724		2744		3418361		3340
725		2737		3423074		3340
726		2735		3427790		3348
727		2730		3432503		3344
728		2738		3437218		3354
729		2723		3441935		3343
730		2738		3446651		3347
731		2719		3451367		3342
732		2704		3456085		3331
733		2731		3460800		3346
734		2717		3465514		3345
735		2725		3470233		3333
736		2726		3474947		3331
737		2736		3479664		3337
738		2730		3484379		3329
739		2728		3489092		3343
740		2729		3493807		3336
741		2728		3498521		3344
742		2728		3503238		3344
743		2724		3507952		3360
744		2723		3512671		3356
745		2723		3517388		3347
746		2702		3522106		3345
747		2708		3526818		3356
748		2704		3531535		3340
749		2727		3536253		3354
750		2724		3540965		3349
751		2778		3545685		3348
752		2824		3550405		3345
753		2831		3555125		3344
754		2875		3559845		3350
755		2867		3564563		3370
756		2877		3569283		3366
757		2874		3574002		3361
758		2888		3578721		3341
759		2894		3583439		3361
760		2912		3588159		3345
761		2921		3592879		3351
762		2911		3597599		3351
763		2881		3602315		3361
764		2860		3607031		3334
765		2858		3611749		3334
766		2867		3616469		3336
767		2830		3621186		3329
768		2873		3625903		3344
769		2848		3630619		3354
770		2853		3635337		3351
771		2843		3640056		3359
772		2821		3644774		3357
773		2835		3649494		3362
774		2801		3654210		3360
775		2837		3658928		3344
776		2800		3663644		3337
777		2811		3668356		3347
778		2809		3673072		3341
779		2812		3677789		3341
780		2795		3682506		3341
781		2803		3687224		3350
782		2762		3691938		3339
783		2787		3696657		3346
784		2790		3701371		3354
785		2771		3706087		3346
786		2780		3710798		3348
787		2810		3715516		3341
788		2802		3720231		3339
789		2792		3724946		3331
790		2787		3729663		3338
791		2786		3734374		3322
792		2770		3739088		3325
793		2760		3743801		3333
794		2774		3748518		3334
795		2771		3753234		3359
796		2748		3757949		3357
797		2741		3762668		3356
798		2716		3767382		3369
799		2726		3772100		3361
800		2724		3776816		3355
801		2737		3781530		3361
802		2735		3786246		3361
803		2744		3790963		3358
804		2725		3795678		3354
805		2727		3800395		3361
806		2738		3805110		3353
807		2744		3809824		3352
808		2719		3814538		3363
809		2730		3819253		3361
810		2734		3823970		3351
811		2719		3828685		3353
812		2726		3833401		3348
813		2727		3838115		3347
814		2727		3842831		3353
815		2747		3847542		3341
816		2741		3852258		3349
817		2743		3856972		3347
818		2767		3861689		3340
819		2757		3866406		3338
820		2744		3871115		3349
821		2750		3875828		3346
822		2726		3880545		3340
823		2714		3885264		3339
824		2709		3889979		3351
825		2698		3894697		3344
826		2698		3899412		3351
827		2701		3904126		3344
828		2691		3908843		3347
829		2674		3913561		3358
830		2689		3918278		3362
831		2705		3922992		3358
832		2708		3927706		3361
833		2697		3932423		3363
834		2685		3937139		3363
835		2678		3941856		3356
836		2651		3946570		3363
837		2656		3951286		3364
838		2673		3956001		3354
839		2691		3960711		3368
840		2701		3965419		3359
841		2690		3970136		3356
842		2702		3974852		3355
843		2712		3979566		3346
844		2682		3984279		3362
845		2695		3988994		3357
846		2698		3993708		3370
847		2686		3998423		3361
848		2685		4003143		3364
849		2697		4007861		3363
850		2681		4012578		3366
851		2673		4017293		3372
852		2682		4022010		3362
853		2670		4026730		3368
854		2660		4031444		3362
855		2654		4036156		3357
856		2662		4040872		3374
857		2666		4045589		3366
858		2676		4050307		3376
859		2686		4055025		3368
860		2664		4059744		3365
861		2658		4064461		3366
862		2657		4069175		3367
863		2654		4073887		3361
864		2675		4078605		3362
865		2670		4083318		3361
866		2656		4088037		3360
867		2666		4092752		3362
868		2669		4097469		3365
869		2655		4102185		3374
870		2654		4106900		3383
871		2643		4111612		3366
872		2658		4116327		3369
873		2640		4121045		3365
874		2656		4125760		3362
875		2623		4130479		3351
876		2632		4135194		3363
877		2650		4139911		3365
878		2644		4144630		3362
879		2642		4149347		3375
880		2635		4154063		3361
881		2632		4158778		3372
882		2641		4163495		3367
883		2639		4168210		3381
884		2642		4172926		3361
885		2649		4177643		3364
886		2666		4182361		3367
887		2634		4187073		3364
888		2634		4191791		3360
889		2628		4196500		3361
890		2636		4201218		3354
891		2627		4205931		3351
892		2625		4210650		3361
893		2633		4215366		3359
894		2634		4220079		3366
895		2655		4224794		3361
896		2668		4229508		3349
897		2645		4234225		3349
898		2642		4238943		3344
899		2627		4243660		3356
900		2625		4248377		3356
901		2627		4253094		3362
902		2637		4257811		3355
903		2623		4262525		3359
904		2645		4267237		3362
905		2643		4271953		3378
906		2639		4276665		3364
907		2633		4281377		3357
908		2634		4286091		3362
909		2627		4290809		3369
910		2627		4295525		3366
911		2635		4300238		3363
912		2620		4304956		3363
913		2619		4309671		3366
914		2600		4314385		3376
915		2596		4319103		3373
916		2608		4323819		3372
917		2598		4328533		3362
918		2590		4333248		3366
919		2598		4337962		3366
920		2588		4342673		3366
921		2595		4347388		3369
922		2588		4352107		3379
923		2584		4356821		3375
924		2588		4361539		3363
925		2575		4366257		3368
926		2585		4370971		3364
927		2595		4375689		3370
928		2604		4380407		3371
929		2581		4385124		3369
930		2591		4389841		3365
931		2591		4394556		3366
932		2581		4399271		3374
933		2566		4403987		3370
934		2594		4408701		3370
935		2576		4413412		3374
936		2555		4418128		3365
937		2583		4422844		3371
938		2581		4427561		3364
939		2582		4432276		3365
940		2592		4436993		3379
941		2586		4441709		3363
942		2562		4446424		3367
943		2564		4451139		3362
944		2562		4455854		3357
945		2553		4460569		3359
946		2550		4465284		3346
947		2556		4469994		3366
948		2568		4474710		3354
949		2557		4479422		3361
950		2567		4484138		3354
951		2574		4488851		3368
952		2574		4493569		3353
953		2580		4498285		3352
954		2580		4503001		3362
955		2569		4507718		3359
956		2584		4512434		3364
957		2587		4517151		3367
958		2581		4521868		3370
959		2581		4526586		3366
960		2599		4531301		3366
961		2577		4536019		3370
962		2579		4540735		3371
963		2574		4545448		3382
964		2567		4550166		3368
965		2590		4554881		3377
966		2582		4559599		3375
967		2586		4564314		3375
968		2586		4569029		3377
969		2581		4573744		3363
970		2569		4578460		3375
971		2596		4583179		3368
972		2587		4587896		3357
973		2572		4592609		3361
974		2594		4597324		3356
975		2578		4602039		3363
976		2569		4606753		3358
977		2563		4611473		3350
978		2570		4616190		3358
979		2566		4620904		3359
980		2560		4625622		3365
981		2548		4630337		3369
982		2561		4635054		3363
983		2558		4639770		3367
984		2564		4644489		3362
985		2553		4649204		3365
986		2553		4653914		3360
987		2553		4658628		3371
988		2562		4663345		3358
989		2539		4668061		3361
990		2532		4672777		3356
991		2546		4677492		3354
992		2545		4682208		3362
993		2550		4686921		3368
994		2564		4691635		3373
995		2557		4696349		3359
996		2566		4701061		3359
997		2580		4705776		3369
998		2563		4710489		3373
999		2567		4715205		3379
