# Migration is number of nodes that have changed color.

Round		Edge-Cut		Swaps		Migrations		Skipped
0		8921		4718		2979
1		8213		9438		3021
2		7740		14158		3066
3		7359		18877		3078
4		7088		23597		3108
5		6800		28316		3112
6		6573		33036		3150
7		6432		37754		3136
8		6200		42469		3143
9		6077		47183		3141
10		5947		51897		3159
11		5854		56613		3187
12		5732		61330		3154
13		5621		66037		3188
14		5498		70753		3165
15		5432		75471		3188
16		5304		80187		3164
17		5227		84898		3196
18		5227		89609		3199
19		5148		94321		3189
20		5097		99036		3204
21		5042		103752		3187
22		4983		108467		3211
23		4977		113181		3208
24		4913		117893		3232
25		4884		122609		3237
26		4814		127322		3218
27		4827		132039		3229
28		4792		136750		3236
29		4786		141465		3222
30		4761		146178		3231
31		4693		150886		3224
32		4667		155597		3233
33		4632		160312		3257
34		4617		165023		3254
35		4615		169737		3237
36		4584		174445		3230
37		4540		179158		3245
38		4539		183868		3268
39		4519		188579		3247
40		4517		193293		3253
41		4523		198007		3240
42		4475		202720		3264
43		4483		207427		3277
44		4445		212142		3263
45		4414		216856		3253
46		4455		221567		3261
47		4400		226283		3251
48		4394		230996		3243
49		4399		235713		3264
50		4367		240425		3272
51		4325		245137		3268
52		4332		249849		3275
53		4362		254559		3254
54		4323		259275		3273
55		4325		263990		3278
56		4273		268706		3268
57		4287		273424		3253
58		4269		278138		3280
59		4241		282853		3275
60		4235		287566		3279
61		4218		292279		3292
62		4216		296993		3265
63		4196		301709		3276
64		4168		306421		3276
65		4146		311133		3276
66		4131		315846		3265
67		4149		320558		3274
68		4128		325275		3277
69		4121		329989		3269
70		4121		334699		3322
71		4117		339413		3300
72		4084		344123		3303
73		4135		348830		3288
74		4147		353537		3278
75		4098		358256		3280
76		4095		362967		3276
77		4075		367681		3304
78		4055		372389		3280
79		4065		377101		3306
80		4061		381820		3304
81		4050		386530		3298
82		4019		391237		3291
83		4020		395945		3281
84		3992		400654		3296
85		3997		405365		3290
86		4005		410081		3290
87		3981		414794		3286
88		3964		419506		3263
89		3969		424219		3264
90		3979		428930		3268
91		3995		433646		3264
92		3989		438361		3288
93		3983		443078		3279
94		3977		447795		3255
95		3960		452508		3282
96		3981		457223		3290
97		3953		461938		3324
98		3940		466649		3311
99		3943		471361		3291
100		3937		476075		3282
101		3882		480793		3284
102		3894		485503		3301
103		3908		490216		3287
104		3869		494930		3294
105		3863		499644		3283
106		3843		504358		3282
107		3843		509072		3273
108		3829		513787		3274
109		3807		518499		3290
110		3830		523206		3302
111		3822		527919		3300
112		3830		532631		3298
113		3832		537348		3278
114		3809		542065		3278
115		3813		546776		3302
116		3813		551493		3300
117		3808		556207		3309
118		3807		560924		3298
119		3822		565640		3289
120		3799		570357		3277
121		3786		575067		3283
122		3780		579782		3295
123		3755		584497		3302
124		3760		589212		3304
125		3757		593927		3304
126		3772		598639		3303
127		3737		603355		3296
128		3743		608068		3301
129		3724		612784		3307
130		3734		617495		3312
131		3751		622211		3286
132		3720		626924		3295
133		3699		631641		3281
134		3711		636358		3274
135		3680		641071		3306
136		3665		645785		3288
137		3668		650497		3296
138		3665		655205		3270
139		3677		659921		3283
140		3661		664638		3300
141		3658		669353		3286
142		3658		674066		3275
143		3642		678776		3304
144		3658		683485		3294
145		3636		688199		3304
146		3623		692917		3309
147		3629		697630		3298
148		3618		702338		3298
149		3602		707050		3296
150		3596		711766		3307
151		3594		716477		3299
152		3584		721190		3306
153		3565		725905		3311
154		3566		730618		3315
155		3606		735333		3297
156		3563		740047		3299
157		3562		744759		3308
158		3546		749468		3315
159		3547		754179		3317
160		3574		758890		3299
161		3593		763601		3314
162		3584		768314		3312
163		3599		773023		3320
164		3605		777738		3319
165		3592		782453		3309
166		3588		787165		3318
167		3565		791877		3335
168		3561		796591		3316
169		3544		801305		3320
170		3553		806018		3324
171		3578		810732		3311
172		3548		815448		3320
173		3549		820159		3333
174		3550		824869		3335
175		3520		829587		3334
176		3549		834300		3353
177		3561		839013		3349
178		3561		843725		3331
179		3568		848440		3335
180		3571		853153		3321
181		3583		857871		3317
182		3565		862589		3321
183		3571		867306		3336
184		3558		872021		3329
185		3563		876733		3320
186		3562		881443		3325
187		3529		886154		3329
188		3532		890865		3333
189		3536		895580		3337
190		3576		900297		3328
191		3533		905013		3326
192		3523		909729		3328
193		3516		914441		3319
194		3523		919151		3331
195		3512		923860		3321
196		3516		928575		3322
197		3516		933289		3329
198		3508		938003		3318
199		3539		942714		3306
200		3477		947423		3322
201		3483		952142		3313
202		3491		956855		3307
203		3508		961565		3314
204		3500		966279		3322
205		3501		970991		3318
206		3474		975706		3316
207		3496		980419		3305
208		3505		985132		3311
209		3493		989846		3320
210		3492		994563		3333
211		3490		999274		3316
212		3461		1003985		3309
213		3464		1008701		3317
214		3486		1013412		3325
215		3483		1018125		3322
216		3460		1022836		3305
217		3453		1027554		3327
218		3456		1032267		3314
219		3458		1036981		3306
220		3453		1041691		3307
221		3452		1046409		3308
222		3449		1051125		3306
223		3424		1055836		3319
224		3426		1060549		3319
225		3417		1065262		3304
226		3423		1069978		3325
227		3438		1074695		3318
228		3422		1079407		3313
229		3448		1084121		3316
230		3409		1088835		3314
231		3410		1093548		3310
232		3401		1098260		3319
233		3428		1102973		3316
234		3421		1107687		3318
235		3408		1112402		3328
236		3435		1117116		3315
237		3432		1121830		3313
238		3408		1126546		3321
239		3409		1131259		3307
240		3401		1135971		3310
241		3421		1140689		3328
242		3442		1145407		3303
243		3432		1150124		3313
244		3419		1154836		3313
245		3396		1159551		3308
246		3366		1164268		3325
247		3374		1168985		3315
248		3383		1173695		3323
249		3417		1178409		3311
250		3405		1183121		3323
251		3470		1187840		3314
252		3465		1192560		3309
253		3497		1197280		3322
254		3502		1202000		3318
255		3487		1206718		3330
256		3429		1211436		3336
257		3418		1216151		3339
258		3416		1220866		3330
259		3400		1225583		3332
260		3419		1230299		3322
261		3375		1235017		3322
262		3391		1239725		3324
263		3385		1244440		3333
264		3388		1249157		3321
265		3390		1253869		3329
266		3398		1258585		3338
267		3410		1263303		3324
268		3393		1268016		3321
269		3362		1272733		3312
270		3354		1277448		3326
271		3363		1282163		3328
272		3366		1286875		3319
273		3338		1291590		3315
274		3337		1296304		3320
275		3309		1301023		3324
276		3324		1305738		3322
277		3344		1310452		3331
278		3351		1315164		3327
279		3343		1319877		3320
280		3332		1324591		3329
281		3359		1329304		3321
282		3364		1334019		3320
283		3368		1338733		3312
284		3353		1343447		3310
285		3335		1348159		3311
286		3304		1352870		3319
287		3324		1357587		3306
288		3301		1362301		3324
289		3295		1367017		3315
290		3287		1371732		3324
291		3290		1376443		3334
292		3295		1381157		3319
293		3298		1385870		3308
294		3294		1390589		3331
295		3292		1395302		3305
296		3273		1400018		3308
297		3284		1404732		3329
298		3288		1409445		3321
299		3283		1414163		3308
300		3306		1418876		3317
301		3282		1423588		3319
302		3284		1428300		3315
303		3280		1433015		3313
304		3288		1437730		3319
305		3253		1442441		3318
306		3253		1447156		3286
307		3234		1451865		3323
308		3254		1456580		3319
309		3249		1461294		3322
310		3253		1466009		3340
311		3253		1470723		3348
312		3226		1475434		3339
313		3227		1480147		3328
314		3213		1484861		3330
315		3221		1489575		3324
316		3213		1494289		3336
317		3184		1499002		3343
318		3221		1503717		3333
319		3193		1508427		3338
320		3193		1513141		3334
321		3183		1517855		3327
322		3169		1522569		3326
323		3176		1527287		3326
324		3161		1532004		3339
325		3138		1536720		3342
326		3152		1541432		3341
327		3139		1546144		3338
328		3152		1550859		3343
329		3158		1555573		3338
330		3159		1560288		3334
331		3164		1565004		3333
332		3170		1569716		3345
333		3155		1574429		3343
334		3160		1579145		3341
335		3143		1583864		3332
336		3142		1588581		3343
337		3123		1593295		3345
338		3137		1598007		3351
339		3128		1602723		3342
340		3131		1607438		3348
341		3134		1612149		3336
342		3157		1616869		3344
343		3137		1621583		3355
344		3155		1626296		3345
345		3155		1631010		3352
346		3145		1635721		3348
347		3177		1640436		3346
348		3170		1645154		3351
349		3189		1649870		3342
350		3134		1654585		3340
351		3173		1659299		3340
352		3163		1664015		3338
353		3161		1668726		3353
354		3177		1673442		3328
355		3152		1678156		3338
356		3146		1682869		3333
357		3172		1687587		3331
358		3153		1692303		3327
359		3160		1697017		3331
360		3157		1701732		3338
361		3160		1706447		3334
362		3168		1711158		3350
363		3145		1715872		3339
364		3125		1720584		3336
365		3115		1725297		3328
366		3118		1730012		3324
367		3115		1734726		3338
368		3133		1739444		3333
369		3127		1744155		3327
370		3127		1748870		3317
371		3095		1753583		3329
372		3092		1758294		3332
373		3092		1763009		3329
374		3064		1767724		3325
375		3090		1772437		3332
376		3076		1777153		3328
377		3076		1781868		3336
378		3073		1786584		3334
379		3094		1791299		3346
380		3067		1796015		3341
381		3066		1800728		3335
382		3064		1805441		3334
383		3043		1810153		3341
384		3034		1814870		3350
385		3044		1819586		3335
386		3060		1824302		3341
387		3044		1829021		3334
388		3034		1833734		3335
389		3038		1838447		3331
390		3033		1843161		3323
391		3030		1847875		3334
392		3043		1852591		3327
393		3039		1857308		3332
394		3041		1862024		3339
395		3053		1866734		3332
396		3057		1871446		3323
397		3063		1876161		3317
398		3046		1880877		3323
399		3041		1885590		3318
400		3029		1890302		3334
401		3020		1895017		3341
402		3019		1899729		3337
403		3039		1904442		3335
404		3017		1909159		3336
405		3038		1913869		3327
406		3035		1918580		3334
407		3042		1923298		3337
408		3033		1928010		3346
409		3059		1932724		3329
410		3059		1937443		3310
411		3058		1942159		3322
412		3026		1946877		3315
413		3024		1951592		3325
414		3024		1956304		3332
415		3028		1961023		3328
416		3033		1965737		3333
417		3025		1970450		3339
418		3025		1975167		3336
419		3016		1979877		3324
420		3002		1984595		3331
421		3013		1989309		3328
422		3007		1994026		3333
423		2990		1998740		3333
424		2978		2003453		3332
425		2981		2008165		3333
426		2994		2012880		3337
427		2991		2017594		3334
428		2987		2022308		3329
429		3010		2027024		3322
430		3015		2031736		3338
431		3005		2036449		3333
432		2996		2041164		3326
433		3010		2045877		3331
434		2996		2050594		3335
435		2979		2055313		3338
436		2978		2060029		3332
437		2980		2064741		3338
438		3007		2069454		3346
439		3005		2074167		3344
440		2984		2078881		3356
441		2985		2083600		3343
442		2984		2088319		3343
443		2951		2093028		3351
444		2968		2097740		3338
445		2967		2102460		3344
446		2979		2107171		3337
447		2980		2111886		3347
448		2982		2116600		3348
449		2982		2121315		3331
450		2976		2126032		3357
451		2985		2130748		3347
452		2975		2135462		3343
453		2995		2140176		3348
454		2978		2144888		3337
455		2974		2149606		3338
456		2997		2154317		3335
457		2987		2159033		3341
458		3009		2163747		3330
459		2991		2168460		3337
460		2990		2173174		3341
461		3002		2177887		3338
462		2978		2182602		3328
463		2977		2187322		3327
464		2974		2192038		3325
465		2992		2196753		3328
466		2976		2201467		3336
467		2979		2206177		3330
468		2965		2210895		3330
469		2944		2215610		3329
470		2956		2220323		3328
471		2954		2225039		3336
472		2963		2229752		3340
473		2959		2234466		3346
474		2962		2239180		3345
475		2959		2243894		3332
476		2958		2248606		3336
477		2966		2253321		3335
478		2960		2258033		3324
479		2970		2262750		3332
480		2984		2267467		3355
481		2966		2272185		3357
482		3020		2276900		3346
483		2994		2281615		3341
484		2969		2286329		3342
485		2981		2291046		3342
486		2971		2295755		3347
487		2948		2300473		3342
488		2941		2305186		3350
489		2954		2309904		3349
490		2958		2314620		3338
491		2954		2319332		3336
492		2951		2324047		3353
493		2960		2328761		3357
494		2962		2333473		3361
495		2962		2338187		3361
496		2947		2342904		3358
497		2962		2347620		3344
498		2943		2352334		3347
499		2942		2357050		3344
500		2942		2361766		3338
501		3023		2366485		3338
502		3017		2371205		3354
503		3010		2375924		3349
504		2989		2380642		3342
505		2982		2385360		3336
506		3001		2390074		3333
507		2995		2394790		3337
508		2973		2399506		3337
509		2969		2404222		3351
510		2972		2408934		3347
511		2955		2413651		3340
512		2964		2418367		3343
513		2948		2423083		3343
514		2946		2427797		3346
515		2940		2432513		3350
516		2914		2437226		3331
517		2923		2441943		3329
518		2933		2446656		3328
519		2946		2451369		3344
520		2948		2456082		3345
521		2937		2460798		3337
522		2941		2465512		3331
523		2918		2470224		3328
524		2936		2474939		3317
525		2908		2479654		3329
526		2917		2484373		3337
527		2916		2489089		3345
528		2924		2493796		3330
529		2921		2498510		3341
530		2901		2503225		3326
531		2891		2507941		3321
532		2909		2512654		3321
533		2916		2517365		3329
534		2929		2522075		3323
535		2911		2526791		3322
536		2922		2531504		3327
537		2909		2536219		3331
538		2923		2540933		3344
539		2923		2545651		3342
540		2903		2550363		3341
541		2905		2555081		3338
542		2901		2559798		3337
543		2903		2564509		3332
544		2882		2569223		3333
545		2909		2573935		3333
546		2909		2578649		3344
547		2877		2583361		3332
548		2883		2588077		3343
549		2880		2592793		3338
550		2881		2597510		3349
551		2886		2602222		3339
552		2875		2606940		3349
553		2875		2611652		3344
554		2883		2616366		3354
555		2883		2621084		3356
556		2890		2625798		3362
557		2887		2630514		3354
558		2895		2635233		3363
559		2878		2639949		3364
560		2869		2644668		3356
561		2881		2649384		3353
562		2894		2654100		3347
563		2869		2658811		3353
564		2879		2663525		3351
565		2888		2668239		3352
566		2897		2672953		3358
567		2898		2677669		3346
568		2885		2682384		3361
569		2875		2687098		3344
570		2889		2691814		3352
571		2883		2696528		3351
572		2882		2701242		3352
573		2878		2705959		3357
574		2881		2710675		3351
575		2881		2715392		3356
576		2865		2720107		3356
577		2880		2724823		3357
578		2890		2729537		3369
579		2880		2734254		3353
580		2874		2738968		3362
581		2873		2743682		3354
582		2882		2748398		3361
583		2883		2753113		3352
584		2870		2757829		3358
585		2890		2762542		3356
586		2875		2767255		3365
587		2891		2771971		3360
588		2882		2776685		3343
589		2862		2781400		3350
590		2861		2786113		3359
591		2857		2790829		3352
592		2846		2795543		3348
593		2848		2800257		3351
594		2863		2804972		3351
595		2862		2809688		3346
596		2887		2814406		3342
597		2881		2819125		3354
598		2896		2823844		3356
599		2885		2828557		3340
600		2901		2833272		3346
601		2900		2837987		3363
602		2894		2842701		3343
603		2874		2847416		3343
604		2853		2852133		3341
605		2866		2856844		3352
606		2856		2861559		3352
607		2847		2866274		3352
608		2849		2870985		3372
609		2847		2875700		3347
610		2849		2880417		3355
611		2848		2885130		3354
612		2871		2889845		3348
613		2879		2894563		3350
614		2857		2899277		3357
615		2874		2903989		3362
616		2859		2908704		3369
617		2855		2913419		3358
618		2863		2918135		3361
619		2862		2922852		3344
620		2850		2927565		3354
621		2857		2932276		3351
622		2856		2936993		3346
623		2842		2941707		3348
624		2863		2946422		3351
625		2833		2951137		3341
626		2824		2955853		3346
627		2838		2960564		3341
628		2844		2965282		3347
629		2846		2969998		3358
630		2821		2974712		3348
631		2838		2979422		3338
632		2839		2984136		3348
633		2851		2988851		3348
634		2841		2993568		3349
635		2838		2998284		3340
636		2838		3003000		3342
637		2839		3007719		3349
638		2839		3012438		3370
639		2836		3017149		3345
640		2841		3021865		3339
641		2831		3026580		3353
642		2818		3031295		3353
643		2805		3036011		3357
644		2799		3040729		3354
645		2794		3045443		3346
646		2794		3050162		3338
647		2805		3054877		3337
648		2799		3059593		3348
649		2828		3064309		3343
650		2809		3069024		3346
651		2832		3073739		3344
652		2809		3078453		3350
653		2815		3083168		3357
654		2801		3087886		3354
655		2815		3092601		3357
656		2798		3097314		3346
657		2783		3102029		3357
658		2785		3106743		3347
659		2789		3111460		3350
660		2801		3116171		3345
661		2793		3120888		3346
662		2799		3125607		3339
663		2784		3130323		3355
664		2796		3135037		3355
665		2780		3139754		3356
666		2771		3144467		3351
667		2785		3149181		3355
668		2773		3153898		3344
669		2756		3158612		3349
670		2754		3163326		3349
671		2757		3168040		3336
672		2763		3172756		3339
673		2771		3177471		3342
674		2757		3182185		3343
675		2753		3186901		3335
676		2762		3191617		3328
677		2767		3196329		3339
678		2764		3201046		3342
679		2771		3205761		3342
680		2772		3210475		3328
681		2759		3215188		3332
682		2757		3219903		3329
683		2753		3224618		3325
684		2761		3229327		3321
685		2762		3234043		3326
686		2775		3238758		3324
687		2774		3243473		3336
688		2769		3248189		3339
689		2780		3252903		3322
690		2781		3257621		3326
691		2783		3262336		3330
692		2791		3267047		3329
693		2787		3271762		3329
694		2780		3276478		3329
695		2775		3281195		3342
696		2770		3285912		3321
697		2770		3290627		3325
698		2729		3295341		3330
699		2760		3300058		3322
700		2749		3304773		3324
701		2764		3309484		3343
702		2760		3314196		3339
703		2750		3318914		3329
704		2758		3323632		3333
705		2779		3328347		3325
706		2788		3333060		3337
707		2808		3337777		3343
708		2801		3342490		3336
709		2817		3347208		3336
710		2799		3351927		3348
711		2809		3356645		3333
712		2807		3361363		3319
713		2789		3366078		3332
714		2780		3370793		3345
715		2770		3375505		3343
716		2779		3380222		3332
717		2759		3384940		3355
718		2746		3389654		3341
719		2761		3394367		3338
720		2756		3399084		3321
721		2735		3403800		3329
722		2749		3408515		3343
723		2746		3413232		3339
724		2734		3417948		3335
725		2737		3422664		3322
726		2755		3427378		3337
727		2768		3432093		3340
728		2769		3436807		3337
729		2771		3441521		3323
730		2769		3446239		3338
731		2778		3450954		3325
732		2776		3455672		3342
733		2776		3460390		3343
734		2772		3465104		3344
735		2770		3469817		3347
736		2788		3474533		3352
737		2800		3479248		3339
738		2791		3483961		3343
739		2790		3488678		3334
740		2791		3493394		3342
741		2774		3498104		3352
742		2783		3502820		3343
743		2777		3507535		3348
744		2768		3512250		3341
745		2787		3516967		3343
746		2798		3521678		3342
747		2782		3526390		3333
748		2798		3531104		3347
749		2784		3535818		3347
750		2758		3540528		3353
751		2806		3545247		3347
752		2848		3549965		3349
753		2880		3554683		3364
754		2870		3559402		3358
755		2836		3564119		3336
756		2832		3568839		3350
757		2827		3573555		3355
758		2825		3578273		3349
759		2828		3582986		3334
760		2837		3587703		3329
761		2830		3592418		3350
762		2806		3597136		3345
763		2797		3601852		3342
764		2788		3606567		3343
765		2786		3611278		3335
766		2769		3615994		3335
767		2786		3620708		3344
768		2798		3625423		3340
769		2773		3630139		3331
770		2767		3634852		3332
771		2770		3639568		3328
772		2758		3644281		3335
773		2760		3648994		3343
774		2753		3653707		3348
775		2740		3658424		3344
776		2735		3663140		3339
777		2718		3667857		3330
778		2706		3672574		3337
779		2732		3677292		3337
780		2729		3682006		3330
781		2723		3686724		3345
782		2726		3691440		3350
783		2727		3696156		3355
784		2742		3700872		3352
785		2726		3705587		3350
786		2738		3710306		3350
787		2741		3715023		3340
788		2714		3719741		3341
789		2718		3724458		3354
790		2739		3729174		3348
791		2714		3733885		3348
792		2702		3738600		3351
793		2717		3743309		3349
794		2718		3748025		3342
795		2725		3752739		3342
796		2726		3757455		3342
797		2700		3762168		3335
798		2716		3766883		3340
799		2714		3771598		3363
800		2711		3776314		3345
801		2718		3781029		3353
802		2705		3785743		3358
803		2727		3790458		3359
804		2697		3795175		3342
805		2696		3799890		3341
806		2730		3804606		3352
807		2693		3809321		3337
808		2670		3814038		3334
809		2657		3818754		3337
810		2655		3823469		3335
811		2659		3828187		3340
812		2641		3832903		3337
813		2640		3837622		3335
814		2651		3842340		3334
815		2648		3847055		3343
816		2669		3851767		3351
817		2695		3856484		3343
818		2705		3861198		3352
819		2680		3865911		3344
820		2679		3870626		3350
821		2679		3875343		3355
822		2686		3880057		3351
823		2672		3884773		3348
824		2677		3889492		3345
825		2687		3894208		3338
826		2672		3898922		3357
827		2670		3903639		3350
828		2682		3908354		3338
829		2676		3913066		3350
830		2678		3917780		3348
831		2698		3922498		3340
832		2697		3927213		3349
833		2693		3931930		3349
834		2684		3936648		3358
835		2713		3941362		3359
836		2685		3946077		3359
837		2701		3950792		3355
838		2701		3955506		3336
839		2681		3960220		3347
840		2659		3964937		3339
841		2660		3969654		3352
842		2660		3974366		3352
843		2656		3979081		3349
844		2647		3983796		3355
845		2645		3988512		3352
846		2665		3993221		3353
847		2654		3997933		3358
848		2650		4002652		3346
849		2652		4007367		3358
850		2663		4012082		3361
851		2662		4016801		3363
852		2649		4021513		3370
853		2660		4026229		3348
854		2662		4030944		3341
855		2665		4035660		3352
856		2660		4040378		3339
857		2658		4045093		3353
858		2671		4049811		3349
859		2662		4054529		3350
860		2661		4059246		3352
861		2662		4063962		3345
862		2642		4068678		3350
863		2649		4073386		3352
864		2652		4078103		3359
865		2641		4082817		3353
866		2644		4087531		3363
867		2639		4092244		3355
868		2644		4096961		3353
869		2648		4101669		3355
870		2626		4106387		3338
871		2612		4111101		3357
872		2623		4115818		3349
873		2627		4120531		3348
874		2622		4125246		3355
875		2632		4129958		3354
876		2627		4134674		3352
877		2624		4139389		3349
878		2644		4144107		3345
879		2641		4148819		3349
880		2634		4153535		3355
881		2630		4158253		3342
882		2629		4162965		3355
883		2622		4167679		3342
884		2616		4172394		3338
885		2620		4177111		3355
886		2618		4181826		3347
887		2596		4186545		3339
888		2603		4191262		3344
889		2598		4195978		3355
890		2601		4200692		3347
891		2602		4205407		3364
892		2606		4210119		3353
893		2592		4214829		3349
894		2581		4219546		3353
895		2576		4224263		3353
896		2592		4228976		3350
897		2602		4233694		3342
898		2603		4238408		3338
899		2609		4243124		3337
900		2596		4247839		3347
901		2617		4252556		3349
902		2626		4257270		3345
903		2629		4261987		3354
904		2606		4266701		3351
905		2622		4271419		3349
906		2606		4276138		3344
907		2600		4280853		3343
908		2601		4285570		3348
909		2605		4290288		3346
910		2586		4295004		3351
911		2586		4299717		3344
912		2584		4304431		3351
913		2595		4309145		3355
914		2584		4313862		3345
915		2589		4318571		3348
916		2573		4323289		3352
917		2579		4328005		3357
918		2599		4332719		3342
919		2573		4337435		3341
920		2572		4342150		3358
921		2566		4346866		3346
922		2581		4351581		3351
923		2587		4356296		3348
924		2590		4361013		3345
925		2600		4365727		3338
926		2593		4370442		3337
927		2600		4375160		3344
928		2582		4379876		3348
929		2575		4384595		3343
930		2581		4389310		3331
931		2569		4394025		3334
932		2573		4398744		3338
933		2580		4403459		3346
934		2591		4408174		3335
935		2591		4412889		3342
936		2609		4417607		3341
937		2605		4422314		3338
938		2593		4427031		3341
939		2590		4431746		3344
940		2606		4436456		3358
941		2600		4441170		3355
942		2587		4445887		3353
943		2597		4450601		3344
944		2617		4455318		3346
945		2588		4460031		3355
946		2587		4464750		3359
947		2587		4469468		3359
948		2593		4474187		3349
949		2604		4478902		3355
950		2631		4483618		3346
951		2589		4488334		3353
952		2585		4493050		3353
953		2606		4497769		3351
954		2599		4502487		3349
955		2603		4507199		3340
956		2609		4511914		3340
957		2599		4516627		3356
958		2621		4521342		3359
959		2621		4526059		3345
960		2617		4530775		3337
961		2608		4535492		3351
962		2593		4540207		3345
963		2615		4544923		3344
964		2607		4549637		3343
965		2599		4554350		3344
966		2596		4559067		3339
967		2594		4563785		3340
968		2583		4568497		3341
969		2578		4573213		3345
970		2593		4577929		3349
971		2586		4582642		3346
972		2594		4587356		3344
973		2586		4592071		3348
974		2585		4596783		3344
975		2584		4601497		3367
976		2590		4606210		3349
977		2568		4610928		3347
978		2577		4615646		3365
979		2585		4620357		3337
980		2600		4625071		3352
981		2605		4629790		3356
982		2579		4634505		3353
983		2580		4639217		3363
984		2585		4643930		3366
985		2601		4648646		3361
986		2582		4653362		3356
987		2593		4658079		3367
988		2585		4662796		3363
989		2571		4667512		3364
990		2595		4672227		3351
991		2590		4676942		3355
992		2587		4681658		3353
993		2583		4686376		3367
994		2582		4691094		3362
995		2567		4695809		3367
996		2570		4700527		3361
997		2585		4705241		3356
998		2592		4709958		3364
999		2557		4714675		3351
