# Migration is number of nodes that have changed color.

Round		Edge-Cut		Swaps		Migrations		Skipped
0		8799		4718		2998
1		7978		9436		2963
2		7469		14155		2994
3		7095		18872		3046
4		6883		23590		3070
5		6644		28304		3083
6		6410		33022		3078
7		6213		37740		3127
8		6064		42455		3103
9		5849		47171		3099
10		5796		51886		3149
11		5657		56602		3177
12		5572		61318		3168
13		5511		66032		3162
14		5439		70748		3175
15		5369		75462		3191
16		5373		80178		3168
17		5299		84896		3139
18		5204		89607		3174
19		5142		94321		3154
20		5051		99035		3162
21		5035		103749		3139
22		4967		108462		3145
23		4897		113175		3162
24		4840		117889		3174
25		4774		122600		3155
26		4776		127315		3169
27		4740		132027		3165
28		4698		136741		3180
29		4659		141451		3174
30		4626		146163		3170
31		4588		150880		3176
32		4544		155598		3183
33		4506		160310		3178
34		4486		165021		3175
35		4462		169735		3182
36		4468		174450		3155
37		4440		179162		3185
38		4414		183875		3180
39		4374		188589		3171
40		4340		193300		3181
41		4299		198017		3175
42		4280		202727		3181
43		4273		207440		3168
44		4273		212152		3165
45		4232		216865		3183
46		4199		221577		3177
47		4186		226285		3179
48		4178		231001		3179
49		4173		235716		3169
50		4165		240433		3181
51		4162		245145		3207
52		4162		249854		3206
53		4099		254567		3179
54		4110		259279		3195
55		4088		263996		3202
56		4053		268713		3189
57		4053		273429		3189
58		4062		278143		3193
59		4069		282858		3200
60		4090		287574		3182
61		4057		292285		3202
62		4065		296993		3198
63		4030		301709		3179
64		4066		306424		3187
65		4041		311138		3188
66		4029		315849		3219
67		4039		320566		3198
68		4047		325278		3213
69		4043		329991		3204
70		4033		334706		3209
71		4013		339422		3242
72		4029		344138		3210
73		4015		348851		3188
74		4002		353563		3191
75		4010		358278		3197
76		3953		362992		3202
77		3935		367710		3203
78		3954		372423		3215
79		3930		377135		3208
80		3903		381844		3212
81		3924		386560		3211
82		3934		391271		3199
83		3905		395982		3188
84		3901		400694		3222
85		3900		405413		3210
86		3889		410125		3227
87		3900		414841		3226
88		3883		419551		3228
89		3891		424265		3237
90		3883		428977		3242
91		3868		433694		3238
92		3870		438409		3211
93		3863		443121		3220
94		3826		447833		3212
95		3839		452546		3193
96		3834		457260		3220
97		3826		461974		3216
98		3816		466685		3210
99		3797		471398		3218
100		3802		476110		3221
101		3811		480822		3241
102		3814		485539		3229
103		3817		490257		3220
104		3798		494971		3219
105		3762		499686		3209
106		3739		504400		3210
107		3743		509119		3225
108		3723		513835		3206
109		3693		518547		3203
110		3697		523263		3197
111		3725		527974		3187
112		3711		532686		3205
113		3701		537398		3198
114		3700		542115		3201
115		3681		546831		3208
116		3687		551549		3204
117		3680		556265		3217
118		3656		560974		3220
119		3647		565687		3216
120		3668		570398		3212
121		3643		575110		3204
122		3612		579823		3206
123		3614		584536		3222
124		3635		589252		3214
125		3633		593968		3218
126		3627		598680		3216
127		3637		603393		3228
128		3632		608110		3217
129		3626		612826		3220
130		3600		617542		3218
131		3580		622256		3229
132		3587		626968		3225
133		3590		631679		3224
134		3586		636389		3225
135		3569		641107		3231
136		3600		645825		3222
137		3577		650537		3229
138		3555		655251		3216
139		3581		659967		3229
140		3565		664684		3236
141		3557		669394		3246
142		3564		674107		3225
143		3550		678820		3219
144		3545		683534		3219
145		3536		688243		3216
146		3540		692958		3225
147		3541		697674		3226
148		3522		702390		3223
149		3526		707104		3232
150		3523		711818		3234
151		3530		716522		3229
152		3500		721233		3207
153		3490		725945		3208
154		3511		730659		3212
155		3517		735365		3219
156		3505		740079		3218
157		3506		744791		3204
158		3520		749505		3210
159		3506		754222		3217
160		3493		758936		3206
161		3485		763647		3203
162		3481		768359		3216
163		3496		773072		3214
164		3517		777784		3227
165		3499		782500		3221
166		3465		787211		3219
167		3484		791925		3230
168		3487		796639		3225
169		3504		801353		3227
170		3485		806062		3240
171		3498		810773		3211
172		3502		815487		3223
173		3517		820206		3216
174		3486		824915		3214
175		3466		829631		3223
176		3459		834344		3225
177		3477		839058		3239
178		3511		843771		3241
179		3466		848483		3228
180		3434		853195		3235
181		3434		857911		3239
182		3457		862621		3234
183		3446		867337		3226
184		3452		872048		3228
185		3463		876764		3239
186		3442		881473		3232
187		3425		886182		3225
188		3413		890897		3247
189		3431		895607		3241
190		3400		900322		3229
191		3413		905035		3229
192		3415		909748		3243
193		3412		914465		3233
194		3425		919180		3249
195		3410		923898		3267
196		3419		928610		3232
197		3397		933325		3241
198		3381		938040		3241
199		3397		942753		3249
200		3376		947472		3238
201		3412		952182		3251
202		3407		956894		3243
203		3385		961610		3238
204		3379		966328		3232
205		3398		971045		3232
206		3340		975760		3227
207		3352		980478		3223
208		3352		985195		3239
209		3348		989909		3225
210		3366		994620		3233
211		3358		999337		3249
212		3363		1004056		3233
213		3362		1008771		3238
214		3371		1013485		3222
215		3357		1018201		3214
216		3348		1022917		3231
217		3347		1027629		3246
218		3355		1032342		3241
219		3347		1037056		3235
220		3352		1041770		3228
221		3315		1046486		3259
222		3297		1051200		3243
223		3296		1055912		3238
224		3302		1060628		3229
225		3287		1065342		3225
226		3285		1070060		3231
227		3285		1074774		3219
228		3296		1079490		3244
229		3288		1084205		3233
230		3266		1088921		3238
231		3262		1093636		3224
232		3258		1098353		3238
233		3262		1103066		3237
234		3239		1107778		3229
235		3238		1112492		3237
236		3229		1117205		3206
237		3246		1121917		3215
238		3246		1126627		3232
239		3236		1131341		3242
240		3233		1136058		3247
241		3219		1140768		3236
242		3273		1145484		3234
243		3263		1150199		3238
244		3231		1154914		3234
245		3229		1159632		3235
246		3262		1164346		3230
247		3275		1169062		3237
248		3232		1173776		3234
249		3226		1178494		3235
250		3224		1183208		3232
251		3226		1187923		3255
252		3198		1192638		3225
253		3208		1197354		3238
254		3226		1202060		3235
255		3238		1206776		3237
256		3238		1211489		3240
257		3243		1216201		3253
258		3213		1220913		3262
259		3227		1225630		3246
260		3216		1230346		3251
261		3208		1235061		3244
262		3195		1239777		3240
263		3186		1244491		3243
264		3196		1249205		3249
265		3201		1253920		3243
266		3193		1258637		3237
267		3207		1263347		3257
268		3186		1268065		3246
269		3187		1272783		3242
270		3204		1277498		3246
271		3206		1282215		3239
272		3171		1286928		3242
273		3204		1291644		3244
274		3188		1296360		3238
275		3175		1301075		3252
276		3206		1305787		3244
277		3216		1310503		3241
278		3211		1315218		3249
279		3193		1319934		3261
280		3211		1324650		3259
281		3214		1329367		3257
282		3225		1334076		3268
283		3205		1338790		3255
284		3219		1343505		3250
285		3208		1348216		3237
286		3198		1352933		3253
287		3195		1357646		3260
288		3180		1362358		3260
289		3171		1367072		3254
290		3145		1371788		3252
291		3149		1376501		3258
292		3171		1381217		3259
293		3160		1385931		3255
294		3148		1390642		3243
295		3127		1395355		3254
296		3144		1400070		3248
297		3136		1404785		3246
298		3130		1409501		3264
299		3130		1414214		3264
300		3132		1418929		3268
301		3132		1423643		3263
302		3135		1428358		3254
303		3135		1433073		3240
304		3144		1437792		3252
305		3156		1442507		3250
306		3155		1447220		3261
307		3141		1451936		3255
308		3157		1456651		3247
309		3122		1461365		3264
310		3143		1466077		3252
311		3141		1470792		3256
312		3140		1475505		3257
313		3153		1480217		3257
314		3145		1484932		3263
315		3138		1489649		3251
316		3120		1494361		3251
317		3130		1499076		3257
318		3123		1503794		3257
319		3097		1508508		3251
320		3097		1513223		3248
321		3109		1517937		3245
322		3095		1522650		3246
323		3113		1527361		3245
324		3138		1532074		3260
325		3122		1536786		3260
326		3110		1541499		3258
327		3113		1546218		3258
328		3095		1550931		3249
329		3085		1555641		3249
330		3097		1560355		3250
331		3111		1565070		3251
332		3131		1569780		3252
333		3106		1574494		3258
334		3104		1579210		3254
335		3100		1583922		3259
336		3085		1588636		3257
337		3090		1593351		3261
338		3098		1598064		3254
339		3076		1602782		3254
340		3096		1607495		3254
341		3104		1612210		3264
342		3106		1616926		3254
343		3114		1621640		3250
344		3107		1626356		3243
345		3098		1631072		3250
346		3106		1635785		3265
347		3095		1640497		3249
348		3103		1645212		3251
349		3103		1649924		3263
350		3078		1654638		3262
351		3093		1659351		3256
352		3074		1664064		3239
353		3073		1668777		3260
354		3066		1673487		3247
355		3054		1678204		3248
356		3063		1682916		3250
357		3074		1687630		3237
358		3062		1692347		3239
359		3062		1697065		3252
360		3060		1701775		3244
361		3041		1706493		3255
362		3032		1711207		3255
363		3044		1715922		3251
364		3038		1720636		3247
365		3021		1725353		3251
366		3022		1730059		3240
367		3015		1734776		3248
368		3005		1739492		3249
369		3012		1744211		3248
370		3009		1748929		3236
371		3018		1753645		3241
372		3001		1758360		3235
373		2998		1763078		3240
374		2987		1767792		3236
375		3000		1772508		3238
376		3004		1777220		3242
377		2985		1781935		3246
378		3015		1786652		3255
379		3029		1791365		3245
380		3001		1796080		3244
381		3027		1800797		3266
382		3012		1805515		3263
383		3016		1810227		3241
384		3012		1814937		3260
385		3011		1819649		3261
386		3004		1824364		3264
387		3017		1829078		3262
388		3022		1833790		3243
389		3013		1838505		3254
390		2998		1843222		3241
391		2989		1847938		3240
392		2976		1852652		3239
393		3005		1857371		3257
394		3006		1862082		3244
395		3014		1866798		3237
396		2974		1871508		3235
397		3012		1876226		3240
398		3023		1880936		3240
399		3005		1885652		3238
400		2980		1890367		3236
401		2996		1895083		3250
402		2993		1899802		3249
403		2992		1904520		3241
404		3005		1909234		3250
405		3007		1913949		3260
406		3014		1918667		3249
407		3008		1923380		3237
408		3047		1928096		3261
409		3019		1932808		3248
410		3007		1937525		3257
411		3000		1942238		3251
412		3027		1946954		3259
413		3012		1951669		3265
414		2997		1956384		3259
415		2993		1961098		3256
416		2980		1965812		3265
417		2975		1970528		3264
418		2968		1975242		3252
419		2966		1979958		3245
420		2983		1984673		3256
421		2967		1989386		3254
422		2989		1994101		3251
423		2962		1998816		3247
424		2976		2003529		3253
425		2981		2008239		3245
426		2959		2012954		3243
427		2978		2017667		3254
428		2975		2022383		3254
429		2974		2027098		3262
430		2985		2031814		3271
431		2979		2036529		3276
432		2974		2041240		3277
433		2983		2045951		3268
434		2976		2050667		3268
435		2983		2055380		3280
436		2984		2060097		3281
437		2990		2064811		3265
438		2973		2069525		3267
439		2978		2074241		3270
440		2974		2078957		3270
441		2976		2083669		3274
442		2991		2088385		3276
443		3007		2093100		3292
444		3003		2097814		3274
445		2997		2102530		3274
446		2971		2107239		3275
447		2967		2111953		3266
448		2963		2116672		3255
449		2969		2121384		3254
450		2970		2126099		3254
451		2969		2130814		3269
452		2965		2135527		3254
453		2952		2140243		3262
454		2954		2144957		3268
455		2964		2149671		3257
456		2982		2154384		3270
457		2959		2159096		3264
458		2976		2163810		3273
459		2962		2168523		3268
460		2977		2173236		3265
461		2969		2177953		3261
462		2953		2182666		3262
463		2954		2187378		3255
464		2943		2192094		3258
465		2948		2196809		3267
466		2942		2201526		3264
467		2942		2206244		3256
468		2960		2210960		3259
469		2945		2215676		3267
470		2941		2220391		3259
471		2938		2225106		3269
472		2942		2229817		3249
473		2944		2234530		3264
474		2937		2239246		3264
475		2925		2243961		3265
476		2925		2248679		3270
477		2923		2253394		3257
478		2928		2258108		3261
479		2897		2262825		3266
480		2882		2267536		3252
481		2882		2272252		3251
482		2863		2276966		3253
483		2869		2281678		3249
484		2890		2286390		3241
485		2864		2291108		3250
486		2871		2295823		3251
487		2871		2300538		3250
488		2881		2305254		3251
489		2889		2309972		3266
490		2856		2314686		3260
491		2892		2319401		3251
492		2868		2324113		3264
493		2861		2328826		3266
494		2869		2333540		3263
495		2887		2338257		3271
496		2886		2342974		3273
497		2889		2347690		3271
498		2881		2352406		3278
499		2874		2357121		3284
500		2868		2361836		3274
501		2862		2366553		3277
502		2863		2371269		3284
503		2868		2375986		3269
504		2897		2380701		3252
505		2895		2385415		3272
506		2889		2390130		3276
507		2915		2394844		3284
508		2900		2399558		3280
509		2863		2404275		3272
510		2850		2408990		3261
511		2856		2413707		3253
512		2868		2418423		3258
513		2856		2423136		3269
514		2846		2427853		3274
515		2860		2432568		3265
516		2864		2437283		3270
517		2858		2441998		3276
518		2867		2446711		3270
519		2876		2451427		3256
520		2866		2456144		3264
521		2868		2460854		3280
522		2871		2465572		3278
523		2877		2470285		3276
524		2882		2475001		3282
525		2868		2479717		3281
526		2877		2484429		3279
527		2865		2489144		3282
528		2861		2493855		3287
529		2830		2498569		3282
530		2851		2503283		3275
531		2844		2507995		3286
532		2837		2512707		3269
533		2843		2517420		3270
534		2852		2522136		3283
535		2862		2526852		3298
536		2858		2531566		3296
537		2866		2536282		3293
538		2873		2540998		3284
539		2863		2545708		3278
540		2861		2550423		3279
541		2832		2555143		3274
542		2826		2559859		3280
543		2816		2564574		3273
544		2844		2569288		3283
545		2848		2574003		3273
546		2840		2578718		3273
547		2838		2583428		3274
548		2843		2588141		3280
549		2848		2592854		3276
550		2847		2597569		3278
551		2841		2602286		3295
552		2824		2607000		3278
553		2844		2611714		3289
554		2866		2616425		3287
555		2873		2621138		3295
556		2867		2625856		3284
557		2864		2630568		3282
558		2872		2635282		3290
559		2857		2639996		3284
560		2854		2644712		3287
561		2848		2649427		3288
562		2827		2654142		3291
563		2837		2658860		3296
564		2850		2663577		3291
565		2842		2668294		3296
566		2844		2673007		3292
567		2847		2677720		3295
568		2859		2682429		3303
569		2846		2687146		3306
570		2840		2691856		3301
571		2849		2696571		3302
572		2837		2701287		3287
573		2852		2705996		3290
574		2827		2710708		3294
575		2846		2715427		3299
576		2850		2720141		3303
577		2841		2724858		3302
578		2837		2729575		3300
579		2806		2734288		3292
580		2816		2739005		3306
581		2802		2743721		3291
582		2822		2748437		3300
583		2822		2753152		3296
584		2818		2757864		3289
585		2822		2762580		3295
586		2826		2767297		3291
587		2811		2772010		3296
588		2791		2776726		3305
589		2806		2781440		3308
590		2814		2786152		3302
591		2826		2790866		3310
592		2820		2795578		3299
593		2827		2800292		3298
594		2834		2805006		3300
595		2823		2809719		3309
596		2821		2814438		3299
597		2799		2819153		3306
598		2798		2823867		3308
599		2790		2828582		3312
600		2783		2833294		3304
601		2821		2838011		3304
602		2816		2842730		3306
603		2790		2847448		3284
604		2776		2852165		3297
605		2781		2856878		3308
606		2772		2861594		3303
607		2786		2866309		3310
608		2806		2871025		3318
609		2798		2875743		3313
610		2790		2880458		3308
611		2762		2885173		3320
612		2791		2889888		3320
613		2765		2894605		3313
614		2776		2899323		3311
615		2761		2904038		3329
616		2766		2908755		3329
617		2761		2913473		3326
618		2766		2918184		3311
619		2774		2922900		3324
620		2752		2927617		3328
621		2764		2932332		3325
622		2761		2937040		3339
623		2775		2941753		3331
624		2761		2946468		3327
625		2762		2951181		3312
626		2772		2955896		3308
627		2761		2960610		3309
628		2743		2965326		3315
629		2749		2970045		3308
630		2759		2974757		3301
631		2778		2979474		3316
632		2761		2984188		3307
633		2766		2988906		3305
634		2776		2993624		3322
635		2768		2998339		3320
636		2760		3003052		3318
637		2754		3007766		3315
638		2750		3012480		3312
639		2761		3017194		3318
640		2744		3021907		3319
641		2759		3026623		3330
642		2754		3031339		3324
643		2763		3036050		3337
644		2760		3040764		3320
645		2776		3045480		3325
646		2749		3050197		3331
647		2753		3054913		3326
648		2753		3059625		3330
649		2762		3064343		3322
650		2747		3069061		3319
651		2734		3073777		3319
652		2747		3078494		3328
653		2748		3083210		3334
654		2753		3087927		3330
655		2729		3092641		3323
656		2736		3097359		3328
657		2751		3102076		3319
658		2756		3106791		3322
659		2734		3111507		3338
660		2747		3116224		3316
661		2730		3120941		3318
662		2736		3125656		3321
663		2761		3130370		3309
664		2770		3135083		3315
665		2745		3139800		3324
666		2744		3144520		3328
667		2757		3149238		3333
668		2765		3153953		3335
669		2753		3158667		3309
670		2748		3163382		3314
671		2757		3168098		3325
672		2750		3172812		3323
673		2769		3177531		3322
674		2765		3182250		3322
675		2728		3186965		3325
676		2742		3191681		3318
677		2730		3196395		3312
678		2735		3201113		3320
679		2727		3205828		3313
680		2730		3210541		3312
681		2716		3215259		3311
682		2720		3219973		3320
683		2726		3224688		3302
684		2704		3229406		3323
685		2694		3234115		3322
686		2691		3238826		3318
687		2685		3243543		3322
688		2701		3248254		3318
689		2693		3252969		3318
690		2703		3257685		3313
691		2707		3262402		3313
692		2702		3267118		3309
693		2714		3271832		3315
694		2703		3276546		3306
695		2709		3281258		3314
696		2687		3285974		3315
697		2703		3290689		3324
698		2699		3295405		3322
699		2701		3300117		3312
700		2704		3304830		3314
701		2734		3309547		3315
702		2733		3314266		3316
703		2731		3318982		3317
704		2726		3323695		3316
705		2718		3328409		3323
706		2725		3333125		3321
707		2720		3337842		3317
708		2719		3342555		3323
709		2712		3347271		3309
710		2725		3351985		3319
711		2726		3356701		3326
712		2705		3361416		3329
713		2706		3366131		3325
714		2710		3370847		3325
715		2722		3375562		3340
716		2718		3380279		3332
717		2729		3384995		3330
718		2729		3389711		3332
719		2717		3394427		3331
720		2725		3399142		3334
721		2713		3403855		3329
722		2690		3408569		3334
723		2696		3413285		3327
724		2687		3417998		3330
725		2713		3422715		3323
726		2704		3427429		3334
727		2686		3432147		3332
728		2673		3436860		3321
729		2670		3441574		3319
730		2672		3446290		3326
731		2660		3451001		3328
732		2697		3455715		3334
733		2698		3460430		3329
734		2688		3465148		3332
735		2716		3469864		3333
736		2706		3474581		3314
737		2669		3479296		3310
738		2655		3484015		3313
739		2668		3488729		3325
740		2650		3493444		3314
741		2647		3498156		3317
742		2657		3502872		3318
743		2664		3507588		3318
744		2661		3512305		3323
745		2668		3517020		3334
746		2678		3521737		3318
747		2677		3526454		3331
748		2661		3531170		3331
749		2657		3535889		3315
750		2656		3540608		3322
751		2647		3545324		3329
752		2640		3550042		3331
753		2669		3554757		3337
754		2652		3559473		3321
755		2675		3564182		3318
756		2660		3568898		3322
757		2656		3573615		3319
758		2657		3578330		3329
759		2650		3583046		3325
760		2672		3587761		3332
761		2650		3592476		3324
762		2634		3597187		3332
763		2645		3601901		3337
764		2638		3606617		3332
765		2662		3611332		3347
766		2641		3616044		3350
767		2662		3620760		3340
768		2641		3625479		3343
769		2633		3630199		3338
770		2626		3634915		3341
771		2640		3639629		3338
772		2638		3644345		3328
773		2639		3649060		3325
774		2649		3653774		3326
775		2662		3658488		3322
776		2660		3663206		3331
777		2641		3667923		3335
778		2641		3672636		3345
779		2652		3677353		3344
780		2655		3682072		3342
781		2651		3686788		3340
782		2643		3691505		3344
783		2659		3696220		3348
784		2660		3700936		3337
785		2642		3705650		3341
786		2629		3710367		3341
787		2638		3715082		3344
788		2645		3719793		3338
789		2637		3724507		3335
790		2642		3729222		3333
791		2629		3733933		3334
792		2650		3738648		3320
793		2637		3743362		3319
794		2635		3748079		3320
795		2618		3752798		3312
796		2620		3757517		3317
797		2618		3762233		3325
798		2623		3766952		3323
799		2622		3771671		3323
800		2639		3776388		3321
801		2642		3781103		3327
802		2636		3785823		3338
803		2647		3790539		3333
804		2647		3795257		3324
805		2673		3799973		3329
806		2656		3804691		3336
807		2646		3809407		3332
808		2637		3814125		3329
809		2634		3818843		3325
810		2640		3823558		3340
811		2626		3828271		3319
812		2651		3832989		3331
813		2643		3837705		3324
814		2652		3842417		3333
815		2636		3847132		3321
816		2651		3851850		3327
817		2630		3856565		3326
818		2656		3861281		3324
819		2651		3865998		3335
820		2656		3870713		3331
821		2631		3875427		3334
822		2642		3880143		3333
823		2632		3884859		3328
824		2626		3889576		3344
825		2625		3894293		3339
826		2616		3899010		3338
827		2631		3903728		3343
828		2598		3908443		3338
829		2614		3913159		3344
830		2620		3917874		3338
831		2611		3922592		3339
832		2619		3927308		3334
833		2626		3932022		3344
834		2618		3936738		3328
835		2630		3941456		3336
836		2631		3946168		3336
837		2638		3950883		3332
838		2626		3955597		3353
839		2642		3960313		3344
840		2630		3965028		3338
841		2615		3969746		3327
842		2618		3974463		3327
843		2616		3979181		3332
844		2603		3983898		3335
845		2604		3988616		3329
846		2613		3993326		3319
847		2601		3998041		3320
848		2605		4002759		3320
849		2594		4007476		3313
850		2589		4012194		3323
851		2572		4016912		3330
852		2596		4021627		3321
853		2580		4026342		3316
854		2583		4031055		3320
855		2591		4035769		3321
856		2594		4040489		3317
857		2599		4045208		3318
858		2606		4049924		3312
859		2613		4054638		3328
860		2600		4059354		3320
861		2615		4064067		3322
862		2633		4068783		3325
863		2606		4073498		3326
864		2581		4078216		3320
865		2590		4082930		3321
866		2583		4087645		3311
867		2593		4092360		3308
868		2604		4097075		3310
869		2598		4101793		3306
870		2601		4106509		3306
871		2611		4111221		3324
872		2609		4115935		3316
873		2595		4120654		3328
874		2604		4125369		3331
875		2585		4130081		3333
876		2599		4134797		3323
877		2608		4139511		3332
878		2605		4144225		3309
879		2599		4148939		3320
880		2602		4153654		3318
881		2583		4158368		3328
882		2576		4163081		3319
883		2577		4167798		3322
884		2599		4172514		3317
885		2583		4177234		3334
886		2587		4181952		3338
887		2582		4186668		3338
888		2568		4191384		3340
889		2584		4196098		3325
890		2563		4200813		3321
891		2579		4205527		3322
892		2569		4210242		3330
893		2566		4214958		3334
894		2571		4219674		3324
895		2567		4224388		3329
896		2568		4229104		3327
897		2571		4233815		3326
898		2559		4238532		3325
899		2541		4243250		3317
900		2559		4247964		3316
901		2554		4252680		3316
902		2556		4257398		3310
903		2552		4262116		3330
904		2553		4266833		3317
905		2554		4271552		3325
906		2544		4276269		3327
907		2577		4280981		3315
908		2545		4285699		3320
909		2557		4290411		3321
910		2561		4295130		3325
911		2560		4299848		3335
912		2577		4304560		3328
913		2583		4309273		3329
914		2563		4313990		3325
915		2574		4318709		3320
916		2558		4323427		3324
917		2557		4328142		3322
918		2548		4332857		3329
919		2548		4337573		3329
920		2551		4342289		3329
921		2553		4347002		3341
922		2560		4351718		3351
923		2553		4356430		3341
924		2567		4361145		3345
925		2567		4365860		3338
926		2549		4370574		3339
927		2561		4375289		3336
928		2556		4380001		3323
929		2562		4384717		3330
930		2530		4389434		3330
931		2545		4394150		3329
932		2549		4398866		3334
933		2559		4403585		3323
934		2560		4408298		3331
935		2559		4413015		3323
936		2565		4417732		3329
937		2571		4422447		3333
938		2557		4427164		3342
939		2541		4431882		3337
940		2547		4436599		3343
941		2558		4441313		3346
942		2547		4446028		3353
943		2544		4450744		3337
944		2548		4455459		3351
945		2524		4460176		3342
946		2526		4464892		3338
947		2530		4469610		3344
948		2538		4474320		3334
949		2531		4479036		3331
950		2540		4483754		3331
951		2561		4488469		3337
952		2555		4493184		3342
953		2533		4497902		3345
954		2551		4502615		3350
955		2552		4507329		3330
956		2564		4512044		3337
957		2559		4516762		3339
958		2566		4521476		3330
959		2549		4526194		3324
960		2551		4530908		3333
961		2536		4535627		3335
962		2556		4540344		3338
963		2549		4545060		3333
964		2527		4549776		3346
965		2536		4554493		3357
966		2547		4559208		3339
967		2545		4563926		3338
968		2542		4568642		3347
969		2525		4573359		3345
970		2516		4578073		3341
971		2516		4582790		3332
972		2522		4587505		3343
973		2543		4592224		3341
974		2524		4596942		3340
975		2519		4601656		3343
976		2514		4606372		3330
977		2520		4611089		3338
978		2513		4615804		3336
979		2512		4620518		3343
980		2487		4625228		3337
981		2484		4629941		3332
982		2496		4634656		3338
983		2499		4639374		3324
984		2511		4644092		3332
985		2503		4648808		3330
986		2486		4653522		3336
987		2502		4658241		3331
988		2514		4662957		3325
989		2500		4667674		3336
990		2490		4672392		3326
991		2481		4677108		3332
992		2487		4681822		3325
993		2478		4686540		3328
994		2498		4691257		3331
995		2484		4695970		3333
996		2473		4700685		3343
997		2485		4705401		3336
998		2481		4710117		3336
999		2498		4714830		3339
