# Migration is number of nodes that have changed color.

Round		Edge-Cut		Swaps		Migrations		Skipped
0		8849		4719		2991
1		8068		9439		2998
2		7613		14158		3057
3		7155		18877		3092
4		6837		23592		3155
5		6625		28309		3134
6		6381		33025		3149
7		6181		37740		3161
8		5950		42456		3130
9		5791		47174		3129
10		5780		51885		3121
11		5672		56601		3120
12		5601		61315		3156
13		5549		66029		3153
14		5460		70744		3174
15		5371		75457		3194
16		5291		80170		3160
17		5228		84883		3167
18		5187		89600		3161
19		5111		94317		3175
20		5081		99031		3155
21		5001		103742		3151
22		4967		108455		3143
23		4897		113169		3154
24		4902		117879		3158
25		4859		122592		3149
26		4840		127308		3162
27		4829		132020		3155
28		4778		136729		3166
29		4782		141440		3141
30		4735		146153		3147
31		4668		150869		3148
32		4614		155581		3180
33		4578		160294		3168
34		4528		165002		3173
35		4516		169716		3154
36		4513		174430		3164
37		4494		179143		3170
38		4473		183858		3171
39		4437		188569		3152
40		4462		193277		3138
41		4454		197989		3143
42		4452		202699		3144
43		4415		207408		3141
44		4383		212121		3144
45		4382		216835		3153
46		4380		221547		3165
47		4386		226259		3151
48		4342		230974		3156
49		4339		235686		3175
50		4379		240401		3162
51		4335		245115		3138
52		4349		249826		3154
53		4285		254540		3137
54		4305		259252		3135
55		4248		263968		3132
56		4240		268683		3175
57		4211		273389		3151
58		4191		278098		3141
59		4152		282813		3127
60		4143		287526		3144
61		4121		292241		3153
62		4128		296954		3162
63		4131		301669		3157
64		4099		306381		3153
65		4082		311085		3147
66		4120		315796		3149
67		4100		320508		3165
68		4065		325216		3151
69		4060		329928		3158
70		4067		334643		3152
71		4035		339353		3147
72		4034		344066		3141
73		3994		348783		3145
74		4013		353496		3144
75		4012		358211		3157
76		4006		362923		3149
77		4013		367635		3153
78		4007		372348		3172
79		4029		377063		3163
80		4015		381774		3160
81		4008		386490		3168
82		4003		391199		3153
83		3976		395912		3163
84		3992		400627		3144
85		4032		405340		3159
86		3968		410053		3155
87		3994		414769		3164
88		3959		419484		3152
89		3936		424194		3153
90		3955		428910		3154
91		3967		433624		3156
92		3979		438335		3177
93		3971		443045		3177
94		3966		447756		3165
95		3931		452473		3174
96		3918		457185		3161
97		3925		461896		3163
98		3938		466610		3163
99		3936		471324		3172
100		3904		476033		3187
101		3871		480748		3193
102		3853		485462		3191
103		3851		490176		3175
104		3852		494887		3181
105		3855		499603		3184
106		3854		504318		3170
107		3841		509036		3177
108		3855		513748		3198
109		3876		518464		3182
110		3838		523175		3161
111		3853		527885		3160
112		3829		532601		3175
113		3807		537316		3172
114		3797		542030		3158
115		3818		546744		3153
116		3809		551456		3184
117		3805		556168		3157
118		3821		560878		3172
119		3786		565589		3159
120		3790		570302		3187
121		3790		575019		3180
122		3790		579731		3158
123		3762		584444		3189
124		3764		589162		3181
125		3791		593877		3155
126		3795		598586		3185
127		3785		603299		3173
128		3791		608010		3165
129		3772		612725		3175
130		3737		617440		3176
131		3742		622151		3186
132		3729		626863		3181
133		3739		631578		3190
134		3720		636289		3196
135		3753		641000		3195
136		3759		645713		3192
137		3757		650429		3187
138		3713		655144		3182
139		3723		659855		3174
140		3700		664566		3189
141		3689		669276		3186
142		3683		673987		3182
143		3661		678705		3183
144		3655		683417		3187
145		3660		688132		3193
146		3670		692847		3184
147		3683		697563		3190
148		3679		702280		3189
149		3681		706997		3186
150		3689		711713		3199
151		3702		716428		3186
152		3671		721142		3197
153		3673		725858		3188
154		3657		730574		3204
155		3657		735290		3204
156		3637		739999		3201
157		3615		744712		3199
158		3615		749429		3188
159		3610		754142		3177
160		3633		758856		3186
161		3607		763564		3185
162		3644		768275		3193
163		3616		772989		3197
164		3616		777706		3208
165		3613		782420		3205
166		3593		787137		3195
167		3604		791849		3195
168		3560		796561		3192
169		3597		801275		3193
170		3596		805992		3183
171		3627		810706		3211
172		3618		815421		3196
173		3617		820137		3183
174		3598		824854		3185
175		3594		829565		3187
176		3580		834281		3198
177		3572		838994		3195
178		3559		843705		3183
179		3587		848417		3189
180		3550		853129		3181
181		3552		857843		3193
182		3556		862559		3163
183		3561		867273		3167
184		3577		871986		3194
185		3541		876699		3178
186		3529		881412		3188
187		3530		886127		3191
188		3534		890840		3188
189		3504		895554		3187
190		3523		900269		3197
191		3480		904986		3200
192		3510		909703		3209
193		3503		914418		3209
194		3504		919131		3221
195		3476		923847		3195
196		3500		928561		3193
197		3472		933278		3205
198		3466		937991		3193
199		3466		942703		3200
200		3461		947418		3206
201		3452		952132		3209
202		3415		956846		3201
203		3415		961561		3210
204		3386		966274		3190
205		3418		970982		3219
206		3433		975693		3214
207		3432		980408		3217
208		3435		985123		3216
209		3392		989835		3208
210		3392		994549		3213
211		3394		999260		3205
212		3416		1003977		3204
213		3420		1008692		3210
214		3412		1013406		3208
215		3394		1018120		3200
216		3419		1022834		3208
217		3411		1027544		3213
218		3407		1032260		3194
219		3391		1036972		3207
220		3413		1041689		3211
221		3368		1046404		3236
222		3371		1051118		3232
223		3376		1055833		3221
224		3381		1060548		3218
225		3342		1065262		3218
226		3333		1069977		3216
227		3358		1074691		3216
228		3360		1079404		3212
229		3337		1084116		3205
230		3356		1088829		3204
231		3347		1093543		3213
232		3332		1098260		3223
233		3324		1102974		3237
234		3332		1107684		3239
235		3329		1112400		3229
236		3325		1117114		3233
237		3330		1121826		3229
238		3335		1126540		3239
239		3335		1131254		3212
240		3377		1135968		3226
241		3345		1140680		3223
242		3321		1145386		3237
243		3322		1150098		3243
244		3318		1154812		3239
245		3318		1159527		3235
246		3303		1164241		3228
247		3288		1168950		3244
248		3272		1173666		3240
249		3295		1178382		3235
250		3287		1183100		3241
251		3275		1187813		3216
252		3291		1192526		3240
253		3339		1197240		3220
254		3357		1201954		3232
255		3334		1206668		3214
256		3332		1211382		3226
257		3309		1216099		3229
258		3304		1220816		3233
259		3310		1225531		3235
260		3290		1230241		3212
261		3269		1234950		3207
262		3261		1239667		3203
263		3268		1244378		3209
264		3253		1249091		3199
265		3269		1253803		3218
266		3273		1258518		3213
267		3268		1263232		3224
268		3262		1267940		3233
269		3259		1272652		3234
270		3258		1277364		3225
271		3248		1282075		3237
272		3259		1286790		3208
273		3241		1291505		3219
274		3264		1296218		3201
275		3240		1300930		3220
276		3265		1305646		3220
277		3239		1310360		3223
278		3211		1315074		3226
279		3213		1319786		3211
280		3228		1324501		3217
281		3207		1329209		3217
282		3209		1333925		3228
283		3209		1338639		3227
284		3224		1343355		3228
285		3202		1348070		3219
286		3222		1352788		3220
287		3215		1357502		3231
288		3215		1362219		3232
289		3221		1366933		3210
290		3207		1371646		3195
291		3223		1376362		3214
292		3223		1381073		3194
293		3180		1385782		3202
294		3184		1390495		3212
295		3181		1395210		3215
296		3159		1399926		3195
297		3168		1404640		3195
298		3191		1409357		3190
299		3165		1414073		3215
300		3170		1418786		3198
301		3150		1423500		3210
302		3156		1428218		3199
303		3163		1432935		3212
304		3162		1437647		3223
305		3166		1442362		3211
306		3179		1447078		3212
307		3167		1451796		3232
308		3178		1456508		3220
309		3158		1461221		3216
310		3169		1465939		3227
311		3153		1470653		3219
312		3156		1475363		3232
313		3166		1480072		3222
314		3161		1484786		3229
315		3168		1489495		3208
316		3161		1494212		3212
317		3140		1498928		3222
318		3138		1503644		3226
319		3130		1508356		3216
320		3141		1513066		3222
321		3149		1517778		3224
322		3163		1522495		3205
323		3163		1527214		3198
324		3160		1531924		3191
325		3156		1536638		3193
326		3162		1541353		3205
327		3159		1546068		3192
328		3137		1550783		3199
329		3143		1555496		3197
330		3156		1560209		3202
331		3149		1564923		3204
332		3130		1569640		3205
333		3127		1574351		3208
334		3116		1579063		3201
335		3134		1583778		3213
336		3134		1588490		3212
337		3112		1593204		3203
338		3090		1597917		3200
339		3115		1602629		3206
340		3116		1607340		3205
341		3084		1612053		3205
342		3085		1616770		3205
343		3061		1621487		3222
344		3068		1626202		3211
345		3073		1630918		3206
346		3060		1635632		3203
347		3052		1640348		3205
348		3053		1645062		3217
349		3051		1649773		3216
350		3051		1654489		3209
351		3043		1659208		3216
352		3069		1663925		3214
353		3068		1668641		3213
354		3067		1673356		3221
355		3074		1678071		3215
356		3079		1682786		3207
357		3056		1687504		3197
358		3033		1692218		3204
359		3045		1696930		3209
360		3050		1701648		3223
361		3052		1706364		3204
362		3068		1711080		3213
363		3052		1715797		3212
364		3052		1720511		3207
365		3044		1725229		3221
366		3036		1729946		3234
367		3033		1734660		3218
368		3020		1739376		3213
369		3028		1744093		3216
370		2993		1748808		3211
371		2981		1753520		3215
372		2975		1758236		3205
373		2980		1762950		3213
374		2996		1767662		3218
375		2978		1772375		3208
376		2981		1777089		3206
377		2977		1781805		3207
378		2978		1786520		3206
379		2993		1791232		3193
380		2993		1795948		3204
381		3007		1800666		3203
382		2987		1805380		3209
383		2965		1810095		3201
384		2981		1814815		3222
385		2988		1819530		3204
386		2985		1824246		3202
387		2978		1828961		3214
388		2989		1833675		3211
389		2985		1838392		3214
390		2976		1843108		3224
391		2969		1847819		3229
392		2967		1852531		3221
393		2983		1857244		3220
394		2967		1861959		3212
395		2944		1866670		3207
396		2941		1871382		3220
397		2948		1876099		3223
398		2937		1880816		3218
399		2932		1885530		3219
400		2935		1890249		3223
401		2941		1894959		3226
402		2933		1899675		3222
403		2930		1904389		3221
404		2931		1909100		3216
405		2944		1913815		3228
406		2970		1918531		3219
407		2975		1923247		3202
408		2951		1927965		3212
409		2969		1932679		3215
410		2963		1937392		3227
411		2954		1942109		3216
412		2982		1946823		3213
413		2979		1951540		3210
414		2956		1956256		3229
415		2952		1960972		3213
416		2942		1965687		3212
417		2964		1970404		3214
418		2957		1975115		3223
419		2961		1979828		3231
420		2961		1984547		3240
421		2931		1989262		3227
422		2959		1993978		3224
423		2971		1998692		3230
424		2973		2003406		3233
425		2970		2008123		3230
426		2952		2012838		3237
427		2929		2017554		3240
428		2951		2022271		3247
429		2942		2026988		3252
430		2963		2031704		3246
431		2936		2036421		3236
432		2914		2041138		3241
433		2905		2045849		3234
434		2926		2050564		3235
435		2949		2055279		3227
436		2945		2059997		3241
437		2935		2064710		3236
438		2913		2069422		3240
439		2901		2074135		3236
440		2930		2078847		3226
441		2916		2083562		3233
442		2905		2088276		3239
443		2909		2092993		3236
444		2901		2097708		3236
445		2925		2102423		3234
446		2941		2107131		3231
447		2918		2111844		3222
448		2904		2116559		3233
449		2914		2121275		3232
450		2925		2125988		3237
451		2917		2130700		3230
452		2916		2135415		3225
453		2896		2140129		3234
454		2881		2144842		3226
455		2883		2149556		3217
456		2888		2154272		3220
457		2876		2158987		3230
458		2873		2163699		3234
459		2882		2168409		3229
460		2884		2173120		3224
461		2887		2177834		3231
462		2881		2182551		3234
463		2915		2187266		3227
464		2888		2191980		3228
465		2888		2196695		3235
466		2888		2201413		3236
467		2876		2206126		3238
468		2874		2210839		3249
469		2897		2215552		3236
470		2918		2220267		3233
471		2896		2224983		3232
472		2873		2229699		3229
473		2888		2234413		3233
474		2904		2239129		3245
475		2888		2243845		3248
476		2905		2248559		3252
477		2892		2253276		3234
478		2875		2257991		3232
479		2893		2262707		3227
480		2899		2267422		3235
481		2885		2272136		3235
482		2876		2276855		3233
483		2899		2281567		3238
484		2906		2286281		3244
485		2898		2291000		3234
486		2883		2295714		3227
487		2882		2300433		3233
488		2876		2305144		3231
489		2864		2309857		3241
490		2844		2314575		3232
491		2855		2319290		3243
492		2852		2324003		3231
493		2848		2328721		3229
494		2855		2333436		3230
495		2857		2338153		3228
496		2867		2342868		3226
497		2850		2347584		3237
498		2827		2352301		3239
499		2821		2357015		3237
500		2841		2361729		3231
501		2851		2366448		3240
502		2859		2371164		3239
503		2867		2375875		3231
504		2881		2380588		3233
505		2858		2385305		3226
506		2853		2390018		3233
507		2853		2394732		3230
508		2833		2399452		3230
509		2825		2404167		3227
510		2840		2408881		3236
511		2822		2413594		3233
512		2809		2418311		3227
513		2818		2423021		3237
514		2830		2427731		3230
515		2810		2432444		3218
516		2794		2437160		3216
517		2785		2441875		3231
518		2798		2446589		3230
519		2795		2451307		3241
520		2802		2456022		3236
521		2802		2460738		3244
522		2809		2465452		3237
523		2800		2470168		3237
524		2821		2474883		3223
525		2807		2479601		3242
526		2799		2484317		3235
527		2820		2489037		3239
528		2800		2493754		3242
529		2808		2498472		3245
530		2781		2503186		3247
531		2789		2507902		3243
532		2789		2512616		3248
533		2794		2517332		3258
534		2804		2522047		3247
535		2778		2526762		3271
536		2790		2531478		3264
537		2778		2536194		3258
538		2776		2540911		3262
539		2796		2545627		3250
540		2791		2550346		3255
541		2789		2555061		3263
542		2789		2559779		3270
543		2796		2564492		3271
544		2777		2569205		3275
545		2781		2573918		3273
546		2781		2578635		3265
547		2780		2583349		3275
548		2781		2588066		3277
549		2781		2592782		3265
550		2784		2597493		3267
551		2771		2602210		3262
552		2776		2606928		3272
553		2785		2611642		3274
554		2774		2616356		3261
555		2763		2621073		3267
556		2775		2625787		3253
557		2779		2630505		3257
558		2762		2635221		3264
559		2766		2639935		3252
560		2753		2644652		3268
561		2797		2649367		3270
562		2762		2654082		3275
563		2760		2658796		3290
564		2755		2663513		3274
565		2774		2668231		3268
566		2783		2672947		3258
567		2766		2677662		3268
568		2753		2682371		3260
569		2752		2687086		3264
570		2752		2691797		3268
571		2741		2696514		3267
572		2746		2701224		3268
573		2739		2705937		3274
574		2743		2710654		3272
575		2731		2715367		3266
576		2741		2720084		3283
577		2716		2724797		3270
578		2712		2729510		3279
579		2699		2734227		3270
580		2720		2738943		3273
581		2696		2743654		3276
582		2723		2748369		3271
583		2723		2753085		3274
584		2711		2757797		3273
585		2735		2762511		3262
586		2738		2767227		3263
587		2722		2771939		3274
588		2734		2776652		3273
589		2743		2781370		3287
590		2711		2786087		3280
591		2706		2790800		3276
592		2699		2795515		3265
593		2706		2800230		3263
594		2692		2804943		3260
595		2720		2809654		3263
596		2724		2814370		3271
597		2732		2819081		3269
598		2724		2823797		3280
599		2711		2828514		3281
600		2705		2833228		3265
601		2715		2837944		3263
602		2694		2842658		3270
603		2708		2847375		3260
604		2689		2852090		3277
605		2697		2856807		3289
606		2689		2861522		3294
607		2677		2866234		3270
608		2654		2870950		3273
609		2682		2875664		3264
610		2689		2880379		3267
611		2688		2885091		3267
612		2691		2889808		3275
613		2678		2894522		3277
614		2679		2899239		3260
615		2676		2903955		3273
616		2684		2908671		3262
617		2712		2913388		3278
618		2700		2918104		3266
619		2662		2922822		3262
620		2662		2927535		3278
621		2659		2932252		3271
622		2681		2936968		3276
623		2697		2941683		3273
624		2687		2946398		3262
625		2685		2951116		3270
626		2674		2955831		3267
627		2670		2960546		3258
628		2693		2965262		3258
629		2696		2969979		3280
630		2676		2974694		3265
631		2655		2979410		3263
632		2659		2984128		3257
633		2642		2988842		3263
634		2635		2993557		3275
635		2640		2998275		3273
636		2641		3002992		3267
637		2643		3007708		3288
638		2639		3012424		3278
639		2642		3017138		3278
640		2661		3021854		3285
641		2642		3026569		3287
642		2641		3031287		3286
643		2623		3036005		3287
644		2635		3040723		3282
645		2637		3045437		3279
646		2625		3050152		3266
647		2639		3054866		3285
648		2657		3059580		3279
649		2645		3064294		3287
650		2641		3069009		3288
651		2626		3073727		3285
652		2611		3078443		3269
653		2624		3083158		3265
654		2644		3087872		3268
655		2630		3092591		3276
656		2658		3097308		3285
657		2634		3102024		3268
658		2636		3106740		3274
659		2638		3111457		3272
660		2648		3116173		3270
661		2635		3120886		3297
662		2643		3125599		3271
663		2624		3130314		3274
664		2603		3135027		3276
665		2638		3139744		3276
666		2644		3144456		3274
667		2618		3149174		3274
668		2614		3153889		3268
669		2627		3158604		3269
670		2607		3163319		3275
671		2619		3168033		3278
672		2624		3172746		3286
673		2605		3177461		3281
674		2621		3182175		3299
675		2617		3186892		3289
676		2620		3191609		3283
677		2625		3196320		3287
678		2614		3201036		3288
679		2627		3205752		3276
680		2653		3210466		3284
681		2638		3215184		3286
682		2643		3219901		3286
683		2639		3224614		3283
684		2633		3229327		3286
685		2639		3234042		3280
686		2615		3238760		3289
687		2628		3243477		3276
688		2626		3248194		3277
689		2656		3252909		3282
690		2631		3257623		3282
691		2612		3262343		3279
692		2603		3267055		3280
693		2624		3271770		3281
694		2587		3276481		3270
695		2600		3281196		3271
696		2618		3285912		3284
697		2616		3290628		3276
698		2599		3295343		3266
699		2612		3300054		3271
700		2592		3304765		3274
701		2601		3309481		3274
702		2589		3314195		3273
703		2607		3318912		3284
704		2605		3323626		3269
705		2595		3328344		3279
706		2590		3333062		3285
707		2598		3337777		3284
708		2600		3342492		3294
709		2607		3347203		3284
710		2591		3351919		3289
711		2587		3356632		3284
712		2566		3361348		3289
713		2565		3366064		3295
714		2585		3370782		3284
715		2555		3375495		3278
716		2562		3380208		3278
717		2566		3384923		3292
718		2579		3389639		3288
719		2593		3394355		3290
720		2569		3399071		3288
721		2557		3403784		3280
722		2562		3408498		3273
723		2556		3413212		3274
724		2553		3417929		3275
725		2575		3422645		3276
726		2552		3427363		3282
727		2563		3432078		3292
728		2544		3436793		3285
729		2566		3441506		3289
730		2570		3446222		3283
731		2578		3450934		3277
732		2568		3455648		3263
733		2568		3460363		3277
734		2568		3465081		3269
735		2566		3469800		3275
736		2572		3474515		3276
737		2589		3479231		3295
738		2561		3483949		3282
739		2574		3488664		3272
740		2567		3493378		3289
741		2558		3498091		3285
742		2559		3502808		3280
743		2574		3507522		3283
744		2556		3512239		3289
745		2566		3516954		3288
746		2544		3521667		3290
747		2540		3526385		3284
748		2551		3531100		3289
749		2548		3535815		3287
750		2559		3540528		3302
751		2564		3545246		3301
752		2578		3549965		3303
753		2571		3554683		3301
754		2572		3559401		3291
755		2560		3564117		3289
756		2571		3568836		3281
757		2557		3573551		3275
758		2573		3578268		3274
759		2544		3582987		3291
760		2541		3587702		3287
761		2538		3592419		3270
762		2538		3597132		3282
763		2521		3601844		3283
764		2533		3606559		3273
765		2526		3611278		3288
766		2519		3615991		3296
767		2534		3620709		3290
768		2521		3625424		3285
769		2518		3630133		3288
770		2512		3634846		3280
771		2520		3639560		3272
772		2532		3644273		3287
773		2528		3648991		3280
774		2531		3653706		3294
775		2529		3658424		3282
776		2535		3663143		3277
777		2526		3667853		3291
778		2524		3672569		3286
779		2525		3677284		3274
780		2521		3681996		3279
781		2531		3686710		3273
782		2526		3691427		3278
783		2528		3696139		3279
784		2537		3700851		3275
785		2528		3705568		3275
786		2518		3710287		3275
787		2536		3715002		3271
788		2544		3719719		3271
789		2524		3724438		3279
790		2527		3729156		3275
791		2535		3733871		3286
792		2528		3738587		3281
793		2525		3743295		3283
794		2537		3748014		3273
795		2540		3752733		3273
796		2525		3757448		3281
797		2516		3762164		3293
798		2510		3766880		3285
799		2513		3771595		3291
800		2504		3776311		3295
801		2531		3781025		3289
802		2513		3785740		3292
803		2502		3790455		3294
804		2507		3795169		3298
805		2516		3799885		3298
806		2536		3804603		3284
807		2509		3809322		3288
808		2494		3814036		3288
809		2507		3818749		3300
810		2508		3823462		3308
811		2507		3828181		3288
812		2515		3832901		3302
813		2498		3837617		3302
814		2499		3842337		3294
815		2502		3847052		3289
816		2494		3851771		3303
817		2495		3856487		3284
818		2489		3861199		3285
819		2495		3865916		3288
820		2507		3870628		3285
821		2532		3875344		3285
822		2507		3880064		3286
823		2535		3884779		3288
824		2494		3889498		3302
825		2502		3894214		3294
826		2488		3898928		3297
827		2479		3903645		3295
828		2482		3908360		3289
829		2480		3913072		3280
830		2479		3917789		3294
831		2485		3922507		3287
832		2487		3927218		3282
833		2489		3931933		3288
834		2506		3936649		3283
835		2483		3941363		3290
836		2493		3946080		3278
837		2483		3950794		3285
838		2492		3955512		3297
839		2484		3960230		3288
840		2493		3964946		3288
841		2488		3969664		3297
842		2487		3974378		3291
843		2481		3979091		3277
844		2481		3983810		3287
845		2508		3988530		3283
846		2501		3993247		3281
847		2495		3997962		3268
848		2503		4002678		3277
849		2482		4007394		3279
850		2478		4012107		3284
851		2483		4016821		3279
852		2495		4021536		3278
853		2480		4026252		3270
854		2492		4030969		3279
855		2488		4035684		3278
856		2494		4040398		3289
857		2487		4045116		3283
858		2484		4049831		3281
859		2486		4054548		3285
860		2495		4059264		3278
861		2481		4063980		3276
862		2482		4068696		3277
863		2482		4073410		3280
864		2502		4078126		3285
865		2500		4082839		3288
866		2509		4087553		3282
867		2493		4092268		3278
868		2505		4096988		3282
869		2497		4101704		3275
870		2496		4106415		3284
871		2491		4111132		3280
872		2514		4115848		3273
873		2514		4120561		3272
874		2510		4125277		3271
875		2488		4129988		3273
876		2485		4134703		3273
877		2493		4139418		3278
878		2494		4144136		3276
879		2494		4148850		3282
880		2493		4153570		3266
881		2495		4158285		3284
882		2501		4162998		3285
883		2500		4167712		3287
884		2511		4172427		3296
885		2509		4177147		3288
886		2466		4181864		3277
887		2475		4186581		3278
888		2477		4191294		3277
889		2484		4196010		3275
890		2502		4200729		3277
891		2498		4205444		3280
892		2501		4210164		3281
893		2481		4214880		3276
894		2487		4219595		3270
895		2487		4224311		3270
896		2493		4229027		3266
897		2478		4233743		3280
898		2484		4238457		3281
899		2490		4243171		3272
900		2482		4247885		3287
901		2484		4252598		3286
902		2474		4257315		3284
903		2473		4262029		3276
904		2465		4266749		3275
905		2470		4271465		3280
906		2464		4276180		3274
907		2463		4280895		3282
908		2454		4285611		3285
909		2465		4290328		3282
910		2460		4295043		3284
911		2465		4299759		3278
912		2462		4304477		3282
913		2468		4309192		3283
914		2448		4313908		3287
915		2450		4318623		3286
916		2451		4323336		3286
917		2456		4328053		3286
918		2455		4332765		3286
919		2456		4337480		3288
920		2470		4342194		3282
921		2461		4346908		3283
922		2450		4351624		3271
923		2444		4356342		3277
924		2453		4361057		3284
925		2459		4365777		3283
926		2468		4370491		3274
927		2451		4375204		3275
928		2453		4379921		3279
929		2454		4384640		3285
930		2447		4389356		3286
931		2452		4394071		3290
932		2449		4398784		3285
933		2454		4403501		3285
934		2463		4408217		3288
935		2462		4412935		3274
936		2449		4417651		3277
937		2432		4422365		3280
938		2426		4427080		3275
939		2433		4431795		3277
940		2431		4436510		3281
941		2438		4441225		3276
942		2437		4445942		3279
943		2433		4450655		3267
944		2466		4455371		3271
945		2469		4460088		3272
946		2454		4464803		3261
947		2463		4469517		3271
948		2461		4474231		3269
949		2439		4478947		3263
950		2446		4483666		3264
951		2439		4488383		3272
952		2429		4493099		3269
953		2445		4497815		3271
954		2443		4502526		3269
955		2451		4507243		3284
956		2421		4511958		3286
957		2455		4516672		3284
958		2439		4521390		3290
959		2463		4526102		3279
960		2441		4530820		3287
961		2442		4535536		3269
962		2445		4540254		3279
963		2446		4544972		3274
964		2437		4549684		3268
965		2437		4554403		3264
966		2449		4559118		3272
967		2456		4563833		3277
968		2437		4568548		3288
969		2450		4573264		3293
970		2455		4577978		3287
971		2464		4582693		3286
972		2447		4587405		3291
973		2462		4592119		3285
974		2472		4596832		3283
975		2461		4601549		3287
976		2475		4606266		3287
977		2472		4610978		3280
978		2469		4615691		3284
979		2445		4620404		3295
980		2460		4625120		3282
981		2460		4629837		3287
982		2459		4634556		3286
983		2447		4639276		3298
984		2454		4643991		3280
985		2458		4648708		3289
986		2442		4653420		3286
987		2453		4658133		3291
988		2459		4662846		3278
989		2444		4667565		3280
990		2453		4672283		3284
991		2440		4677000		3284
992		2434		4681716		3295
993		2456		4686435		3297
994		2421		4691153		3291
995		2430		4695868		3300
996		2440		4700587		3288
997		2442		4705303		3297
998		2437		4710021		3286
999		2433		4714738		3293
